ticker,date,expiry,type,strike,oi,volume,iv,last,bid,ask
CRWV,2026-08-10,2026-08-14,C,37.5,19,2,1.0000000000000003e-05,71.5,68.05,69.8
CRWV,2026-08-10,2026-08-14,C,45.0,55,56,1.0000000000000003e-05,44.45,60.45,62.0
CRWV,2026-08-10,2026-08-14,C,50.0,59,4,1.0000000000000003e-05,40.15,55.45,57.0
CRWV,2026-08-10,2026-08-14,C,55.0,297,1,1.0000000000000003e-05,51.25,50.6,52.0
CRWV,2026-08-10,2026-08-14,C,57.0,51,0,1.0000000000000003e-05,29.66,48.55,50.0
CRWV,2026-08-10,2026-08-14,C,58.5,30,0,1.0000000000000003e-05,27.75,47.0,48.5
CRWV,2026-08-10,2026-08-14,C,59.0,26,0,1.0000000000000003e-05,33.73,46.6,48.0
CRWV,2026-08-10,2026-08-14,C,60.0,410,16,1.0000000000000003e-05,49.35,45.25,46.8
CRWV,2026-08-10,2026-08-14,C,62.0,4,2,1.0000000000000003e-05,27.9,43.6,44.7
CRWV,2026-08-10,2026-08-14,C,63.0,137,81,1.0000000000000003e-05,28.8,42.8,44.25
CRWV,2026-08-10,2026-08-14,C,64.0,426,1,1.0000000000000003e-05,41.8,41.7,42.85
CRWV,2026-08-10,2026-08-14,C,65.0,368,1,1.0000000000000003e-05,45.0,41.25,41.95
CRWV,2026-08-10,2026-08-14,C,66.0,74,9,1.0000000000000003e-05,22.37,39.75,41.05
CRWV,2026-08-10,2026-08-14,C,67.0,101,2,1.0000000000000003e-05,39.88,38.55,40.05
CRWV,2026-08-10,2026-08-14,C,68.0,382,515,1.0000000000000003e-05,19.55,37.6,39.05
CRWV,2026-08-10,2026-08-14,C,69.0,60,2,1.0000000000000003e-05,39.59,36.8,38.05
CRWV,2026-08-10,2026-08-14,C,70.0,1068,68,1.0000000000000003e-05,36.2,35.4,36.9
CRWV,2026-08-10,2026-08-14,C,71.0,146,3,1.0000000000000003e-05,36.5,34.55,36.05
CRWV,2026-08-10,2026-08-14,C,71.5,67,2,1.0000000000000003e-05,36.5,34.3,35.55
CRWV,2026-08-10,2026-08-14,C,72.0,113,7,1.0000000000000003e-05,35.25,33.8,35.35
CRWV,2026-08-10,2026-08-14,C,72.5,25,2,1.0000000000000003e-05,36.03,33.7,34.45
CRWV,2026-08-10,2026-08-14,C,73.0,70,8,1.0000000000000003e-05,33.63,33.15,34.05
CRWV,2026-08-10,2026-08-14,C,73.5,73,12,1.0000000000000003e-05,15.75,32.4,33.55
CRWV,2026-08-10,2026-08-14,C,74.0,127,76,1.0000000000000003e-05,32.49,31.75,33.05
CRWV,2026-08-10,2026-08-14,C,75.0,588,53,1.0000000000000003e-05,32.25,31.0,31.65
CRWV,2026-08-10,2026-08-14,C,76.0,444,15,1.0000000000000003e-05,30.85,29.55,30.9
CRWV,2026-08-10,2026-08-14,C,77.0,640,11,1.0000000000000003e-05,31.5,28.6,30.05
CRWV,2026-08-10,2026-08-14,C,78.0,612,38,1.0000000000000003e-05,31.25,27.65,29.35
CRWV,2026-08-10,2026-08-14,C,79.0,258,4,1.79296978515625,29.0,26.85,28.55
CRWV,2026-08-10,2026-08-14,C,80.0,1117,268,1.0000000000000003e-05,26.53,26.3,27.0
CRWV,2026-08-10,2026-08-14,C,81.0,1142,22,1.0000000000000003e-05,25.48,24.35,26.1
CRWV,2026-08-10,2026-08-14,C,82.0,266,49,1.0000000000000003e-05,25.38,23.65,25.05
CRWV,2026-08-10,2026-08-14,C,83.0,508,76,1.0000000000000003e-05,23.88,22.75,24.05
CRWV,2026-08-10,2026-08-14,C,84.0,1152,1096,1.0000000000000003e-05,22.34,21.85,22.45
CRWV,2026-08-10,2026-08-14,C,85.0,2015,422,1.0000000000000003e-05,21.25,21.05,21.55
CRWV,2026-08-10,2026-08-14,C,86.0,574,60,1.0000000000000003e-05,20.65,19.7,21.05
CRWV,2026-08-10,2026-08-14,C,87.0,773,168,1.0000000000000003e-05,19.96,18.9,20.05
CRWV,2026-08-10,2026-08-14,C,88.0,1362,572,1.0000000000000003e-05,18.41,17.4,18.65
CRWV,2026-08-10,2026-08-14,C,89.0,1423,1007,1.0000000000000003e-05,17.48,16.45,17.65
CRWV,2026-08-10,2026-08-14,C,90.0,5966,4494,1.0000000000000003e-05,16.25,16.4,16.75
CRWV,2026-08-10,2026-08-14,C,91.0,1422,887,1.0000000000000003e-05,15.35,15.0,15.7
CRWV,2026-08-10,2026-08-14,C,92.0,1819,703,1.0000000000000003e-05,14.8,14.5,15.2
CRWV,2026-08-10,2026-08-14,C,93.0,2937,1831,1.0000000000000003e-05,13.45,13.5,14.2
CRWV,2026-08-10,2026-08-14,C,94.0,1579,1581,1.0000000000000003e-05,12.35,12.05,12.8
CRWV,2026-08-10,2026-08-14,C,95.0,7756,3168,1.0000000000000003e-05,11.65,11.3,11.8
CRWV,2026-08-10,2026-08-14,C,96.0,989,515,1.0000000000000003e-05,10.48,10.55,11.35
CRWV,2026-08-10,2026-08-14,C,97.0,1835,3936,1.0000000000000003e-05,9.66,9.5,10.2
CRWV,2026-08-10,2026-08-14,C,98.0,1987,385,1.0000000000000003e-05,9.0,8.5,9.2
CRWV,2026-08-10,2026-08-14,C,99.0,911,385,1.0000000000000003e-05,8.1,7.85,8.35
CRWV,2026-08-10,2026-08-14,C,100.0,14450,8831,0.45117736328125,7.3,7.2,7.45
CRWV,2026-08-10,2026-08-14,C,101.0,2872,1325,0.5742230078125,6.57,6.3,6.7
CRWV,2026-08-10,2026-08-14,C,102.0,2809,516,0.5976602734375001,5.92,5.4,5.9
CRWV,2026-08-10,2026-08-14,C,103.0,939,1492,0.614261669921875,5.35,4.95,5.35
CRWV,2026-08-10,2026-08-14,C,104.0,1686,381,0.64062859375,4.46,4.35,4.65
CRWV,2026-08-10,2026-08-14,C,105.0,5745,4248,0.6806672558593752,4.0,3.85,4.1
CRWV,2026-08-10,2026-08-14,C,106.0,878,1452,0.6811555322265627,3.37,3.25,3.5
CRWV,2026-08-10,2026-08-14,C,107.0,2076,5969,0.726565234375,3.0,2.97,3.05
CRWV,2026-08-10,2026-08-14,C,108.0,653,2946,0.7392604199218749,2.45,2.52,2.64
CRWV,2026-08-10,2026-08-14,C,109.0,340,3459,0.7631859619140625,2.14,2.2,2.29
CRWV,2026-08-10,2026-08-14,C,110.0,8430,19042,0.778322529296875,1.9,1.9,1.95
CRWV,2026-08-10,2026-08-14,C,111.0,530,3075,0.7866232275390624,1.5,1.55,1.7
CRWV,2026-08-10,2026-08-14,C,112.0,756,2116,0.7749045947265626,1.32,1.25,1.35
CRWV,2026-08-10,2026-08-14,C,113.0,630,1071,0.782228740234375,1.04,1.03,1.13
CRWV,2026-08-10,2026-08-14,C,114.0,425,1098,0.8061542822265625,0.92,0.88,1.0
CRWV,2026-08-10,2026-08-14,C,115.0,3835,15740,0.8061542822265625,0.79,0.73,0.79
CRWV,2026-08-10,2026-08-14,C,116.0,352,1133,0.8212908496093749,0.58,0.59,0.7
CRWV,2026-08-10,2026-08-14,C,117.0,182,971,0.8281267187499999,0.54,0.48,0.58
CRWV,2026-08-10,2026-08-14,C,118.0,200,2053,0.8378922460937499,0.45,0.4,0.48
CRWV,2026-08-10,2026-08-14,C,119.0,301,906,0.8320329296874999,0.32,0.3,0.38
CRWV,2026-08-10,2026-08-14,C,120.0,4116,17369,0.84179845703125,0.28,0.28,0.28
CRWV,2026-08-10,2026-08-14,C,121.0,209,710,0.8457046679687499,0.26,0.2,0.25
CRWV,2026-08-10,2026-08-14,C,122.0,463,1430,0.85937640625,0.18,0.18,0.2
CRWV,2026-08-10,2026-08-14,C,125.0,1477,4129,0.8554701953125,0.07,0.07,0.1
CRWV,2026-08-10,2026-08-14,C,130.0,3669,8250,0.87500125,0.03,0.02,0.03
CRWV,2026-08-10,2026-08-14,P,37.5,268,1,3.750000625,0.02,0.0,0.01
CRWV,2026-08-10,2026-08-14,P,39.5,22,24,3.50000125,0.03,0.0,0.01
CRWV,2026-08-10,2026-08-14,P,40.0,300,4,3.50000125,0.01,0.0,0.01
CRWV,2026-08-10,2026-08-14,P,40.5,9,4,3.43750140625,0.08,0.0,0.01
CRWV,2026-08-10,2026-08-14,P,41.0,6,8,3.3750015624999996,0.03,0.0,0.01
CRWV,2026-08-10,2026-08-14,P,41.5,29,2,3.3750015624999996,0.1,0.0,0.01
CRWV,2026-08-10,2026-08-14,P,42.0,24,1,3.3125017187499997,0.03,0.0,0.01
CRWV,2026-08-10,2026-08-14,P,42.5,33,7,3.2500018749999997,0.03,0.0,0.01
CRWV,2026-08-10,2026-08-14,P,43.0,22,5,3.2500018749999997,0.02,0.0,0.01
CRWV,2026-08-10,2026-08-14,P,43.5,20,4,3.1875020312499998,0.07,0.0,0.01
CRWV,2026-08-10,2026-08-14,P,44.0,36,2,3.1250021875,0.03,0.0,0.01
CRWV,2026-08-10,2026-08-14,P,44.5,35,2,3.1250021875,0.03,0.0,0.01
CRWV,2026-08-10,2026-08-14,P,45.0,477,8,3.1250021875,0.01,0.0,0.01
CRWV,2026-08-10,2026-08-14,P,45.5,16,6,3.0000025,0.06,0.0,0.01
CRWV,2026-08-10,2026-08-14,P,46.0,21,8,3.0000025,0.01,0.0,0.01
CRWV,2026-08-10,2026-08-14,P,46.5,21,1,3.0000025,0.01,0.0,0.01
CRWV,2026-08-10,2026-08-14,P,47.0,17,1,2.93750265625,0.01,0.0,0.01
CRWV,2026-08-10,2026-08-14,P,47.5,290,3,2.8750028125,0.03,0.0,0.01
CRWV,2026-08-10,2026-08-14,P,48.0,54,22,2.8750028125,0.01,0.0,0.01
CRWV,2026-08-10,2026-08-14,P,48.5,241,1,2.8750028125,0.02,0.0,0.01
CRWV,2026-08-10,2026-08-14,P,49.0,54,44,2.750003125,0.01,0.0,0.01
CRWV,2026-08-10,2026-08-14,P,49.5,16,3,2.750003125,0.04,0.0,0.01
CRWV,2026-08-10,2026-08-14,P,50.0,31192,14,2.750003125,0.01,0.0,0.01
CRWV,2026-08-10,2026-08-14,P,51.0,59,1,2.6250034375,0.09,0.0,0.01
CRWV,2026-08-10,2026-08-14,P,52.0,95,26,2.6250034375,0.03,0.0,0.01
CRWV,2026-08-10,2026-08-14,P,53.0,169,2,2.50000375,0.05,0.0,0.01
CRWV,2026-08-10,2026-08-14,P,54.0,454,2,2.50000375,0.62,0.0,0.01
CRWV,2026-08-10,2026-08-14,P,55.0,3158,42,2.3750040624999995,0.01,0.0,0.01
CRWV,2026-08-10,2026-08-14,P,56.0,91,7,2.3750040624999995,0.01,0.0,0.01
CRWV,2026-08-10,2026-08-14,P,57.0,401,378,2.2500043749999996,0.12,0.0,0.01
CRWV,2026-08-10,2026-08-14,P,58.0,876,6,2.2500043749999996,0.01,0.0,0.01
CRWV,2026-08-10,2026-08-14,P,58.5,104,12,2.1875045312499997,0.01,0.0,0.01
CRWV,2026-08-10,2026-08-14,P,59.0,529,154,2.1875045312499997,0.01,0.0,0.01
CRWV,2026-08-10,2026-08-14,P,60.0,2401,247,2.1250046874999997,0.01,0.0,0.01
CRWV,2026-08-10,2026-08-14,P,61.0,291,91,2.0625048437499998,0.01,0.0,0.01
CRWV,2026-08-10,2026-08-14,P,61.5,344,19,2.000005,0.01,0.0,0.01
CRWV,2026-08-10,2026-08-14,P,62.0,434,39,1.96875015625,0.01,0.0,0.01
CRWV,2026-08-10,2026-08-14,P,63.0,740,491,1.9375003125,0.01,0.0,0.01
CRWV,2026-08-10,2026-08-14,P,64.0,724,243,1.875000625,0.01,0.0,0.01
CRWV,2026-08-10,2026-08-14,P,65.0,3284,692,1.8125009374999999,0.01,0.0,0.01
CRWV,2026-08-10,2026-08-14,P,66.0,598,236,1.78125109375,0.01,0.0,0.01
CRWV,2026-08-10,2026-08-14,P,67.0,855,342,1.75000125,0.01,0.0,0.01
CRWV,2026-08-10,2026-08-14,P,68.0,2289,534,1.6875015625,0.01,0.0,0.01
CRWV,2026-08-10,2026-08-14,P,69.0,1099,701,1.625001875,0.01,0.0,0.01
CRWV,2026-08-10,2026-08-14,P,70.0,5816,2943,1.5625021874999998,0.01,0.0,0.01
CRWV,2026-08-10,2026-08-14,P,71.0,1116,189,1.703126484375,0.02,0.01,0.02
CRWV,2026-08-10,2026-08-14,P,71.5,1055,1054,1.671876640625,0.02,0.01,0.02
CRWV,2026-08-10,2026-08-14,P,72.0,1539,592,1.65625171875,0.01,0.01,0.02
CRWV,2026-08-10,2026-08-14,P,72.5,459,232,1.671876640625,0.03,0.01,0.03
CRWV,2026-08-10,2026-08-14,P,73.0,1279,241,1.5937520312499998,0.02,0.01,0.02
CRWV,2026-08-10,2026-08-14,P,73.5,1636,1158,1.5625021874999998,0.02,0.01,0.02
CRWV,2026-08-10,2026-08-14,P,74.0,1454,652,1.5468772656249998,0.02,0.01,0.02
CRWV,2026-08-10,2026-08-14,P,75.0,7963,2463,1.5000025,0.02,0.01,0.02
CRWV,2026-08-10,2026-08-14,P,76.0,2502,759,1.4375028125,0.02,0.01,0.02
CRWV,2026-08-10,2026-08-14,P,77.0,1736,464,1.3906280468749999,0.01,0.01,0.02
CRWV,2026-08-10,2026-08-14,P,78.0,1661,925,1.3437532812499997,0.02,0.01,0.02
CRWV,2026-08-10,2026-08-14,P,79.0,1166,497,1.3750031249999999,0.03,0.02,0.03
CRWV,2026-08-10,2026-08-14,P,80.0,9557,3273,1.3203158984374999,0.03,0.02,0.03
CRWV,2026-08-10,2026-08-14,P,81.0,741,200,1.2343788281249999,0.02,0.01,0.03
CRWV,2026-08-10,2026-08-14,P,82.0,1170,512,1.21875390625,0.02,0.02,0.03
CRWV,2026-08-10,2026-08-14,P,83.0,1045,380,1.171879140625,0.03,0.02,0.03
CRWV,2026-08-10,2026-08-14,P,84.0,1186,445,1.125004375,0.03,0.02,0.03
CRWV,2026-08-10,2026-08-14,P,85.0,4665,1906,1.1171919140625,0.03,0.03,0.04
CRWV,2026-08-10,2026-08-14,P,86.0,937,909,1.0703171484375003,0.03,0.03,0.04
CRWV,2026-08-10,2026-08-14,P,87.0,1168,442,1.0546922265625,0.04,0.03,0.06
CRWV,2026-08-10,2026-08-14,P,88.0,3175,881,1.01953615234375,0.04,0.04,0.06
CRWV,2026-08-10,2026-08-14,P,89.0,1092,611,0.98437515625,0.05,0.05,0.06
CRWV,2026-08-10,2026-08-14,P,90.0,2909,2424,0.9648441015625,0.06,0.06,0.08
CRWV,2026-08-10,2026-08-14,P,91.0,616,357,0.9531254687499999,0.11,0.07,0.11
CRWV,2026-08-10,2026-08-14,P,92.0,392,841,0.9531254687499999,0.12,0.11,0.14
CRWV,2026-08-10,2026-08-14,P,93.0,191,637,0.93945373046875,0.17,0.13,0.19
CRWV,2026-08-10,2026-08-14,P,94.0,405,521,0.92773509765625,0.18,0.17,0.24
CRWV,2026-08-10,2026-08-14,P,95.0,375,3389,0.92773509765625,0.28,0.26,0.29
CRWV,2026-08-10,2026-08-14,P,96.0,174,602,0.929688203125,0.36,0.34,0.39
CRWV,2026-08-10,2026-08-14,P,97.0,91,501,0.9238288867187501,0.45,0.42,0.51
CRWV,2026-08-10,2026-08-14,P,98.0,23,766,0.9335944140625,0.6,0.58,0.66
CRWV,2026-08-10,2026-08-14,P,99.0,62,934,0.9257819921875,0.74,0.72,0.81
CRWV,2026-08-10,2026-08-14,P,100.0,866,9448,0.918946123046875,0.93,0.91,0.97
CRWV,2026-08-10,2026-08-14,P,101.0,54,1398,0.9238288867187501,1.16,1.13,1.23
CRWV,2026-08-10,2026-08-14,P,105.0,543,5556,0.936524072265625,2.6,2.5,2.56
CRWV,2026-08-10,2026-08-14,P,107.0,5,2288,0.9580082324218748,3.5,3.4,3.65
CRWV,2026-08-10,2026-08-14,P,108.0,9,3045,0.9521489160156249,4.0,3.8,4.25
CRWV,2026-08-10,2026-08-14,P,109.0,7,790,0.9936524072265626,4.85,4.5,5.0
CRWV,2026-08-10,2026-08-14,P,110.0,120,3023,1.0190478735351562,5.55,5.25,5.65
CRWV,2026-08-10,2026-08-14,P,115.0,127,29,1.1665080737304687,7.55,9.2,9.7
CRWV,2026-08-10,2026-08-14,P,120.0,253,660,1.3339877050781246,14.3,13.35,14.55
CRWV,2026-08-10,2026-08-14,P,125.0,45,1,1.5380882470703123,17.25,18.05,19.45
CRWV,2026-08-10,2026-08-14,P,130.0,52,227,1.8046884765624998,23.2,23.25,24.3
CRWV,2026-08-10,2026-08-21,C,35.0,16,5,1.0000000000000003e-05,74.3,70.65,72.1
CRWV,2026-08-10,2026-08-21,C,37.5,0,4,1.0000000000000003e-05,71.5,68.05,69.6
CRWV,2026-08-10,2026-08-21,C,40.0,23,2,1.0000000000000003e-05,69.3,65.6,67.1
CRWV,2026-08-10,2026-08-21,C,42.5,15,1,7.71240270324707,70.4,73.45,77.3
CRWV,2026-08-10,2026-08-21,C,45.0,56,5,1.0000000000000003e-05,61.88,60.7,62.1
CRWV,2026-08-10,2026-08-21,C,47.5,147,12,1.0000000000000003e-05,64.0,58.05,59.6
CRWV,2026-08-10,2026-08-21,C,50.0,208,3,1.0000000000000003e-05,55.75,55.65,57.1
CRWV,2026-08-10,2026-08-21,C,55.0,151,2,1.0000000000000003e-05,55.75,50.7,52.1
CRWV,2026-08-10,2026-08-21,C,60.0,1391,20,1.0000000000000003e-05,47.51,45.75,46.75
CRWV,2026-08-10,2026-08-21,C,62.0,130,50,1.0000000000000003e-05,30.05,43.6,45.35
CRWV,2026-08-10,2026-08-21,C,62.5,68,1,1.0000000000000003e-05,27.05,43.2,44.5
CRWV,2026-08-10,2026-08-21,C,63.0,35,2,1.0000000000000003e-05,27.05,42.7,44.15
CRWV,2026-08-10,2026-08-21,C,64.0,40,2,1.0000000000000003e-05,45.2,41.55,43.15
CRWV,2026-08-10,2026-08-21,C,65.0,1751,22,1.0000000000000003e-05,41.56,40.65,41.8
CRWV,2026-08-10,2026-08-21,C,66.0,231,1,1.0000000000000003e-05,23.9,39.55,41.15
CRWV,2026-08-10,2026-08-21,C,67.0,160,1,1.0000000000000003e-05,22.83,38.75,40.15
CRWV,2026-08-10,2026-08-21,C,67.5,89,1,1.0000000000000003e-05,19.0,38.2,39.65
CRWV,2026-08-10,2026-08-21,C,68.0,133,2,1.0000000000000003e-05,38.62,37.7,39.15
CRWV,2026-08-10,2026-08-21,C,69.0,75,10,1.0000000000000003e-05,23.5,36.6,38.15
CRWV,2026-08-10,2026-08-21,C,70.0,2348,997,1.0000000000000003e-05,36.3,35.55,37.1
CRWV,2026-08-10,2026-08-21,C,71.0,216,7,1.0000000000000003e-05,19.45,34.75,36.15
CRWV,2026-08-10,2026-08-21,C,71.5,107,2,1.0000000000000003e-05,36.0,33.85,35.65
CRWV,2026-08-10,2026-08-21,C,72.0,265,10,1.0000000000000003e-05,37.58,33.85,35.15
CRWV,2026-08-10,2026-08-21,C,72.5,232,3,1.0000000000000003e-05,34.5,33.1,34.65
CRWV,2026-08-10,2026-08-21,C,73.0,178,1,1.0000000000000003e-05,16.5,32.8,34.15
CRWV,2026-08-10,2026-08-21,C,73.5,82,9,1.0000000000000003e-05,33.62,32.0,33.65
CRWV,2026-08-10,2026-08-21,C,74.0,127,2,1.0000000000000003e-05,34.93,31.65,33.15
CRWV,2026-08-10,2026-08-21,C,75.0,3577,180,1.000005,32.43,31.25,32.45
CRWV,2026-08-10,2026-08-21,C,76.0,94,3,1.0000000000000003e-05,15.73,29.7,31.2
CRWV,2026-08-10,2026-08-21,C,77.0,227,17,1.0000000000000003e-05,32.6,28.9,30.1
CRWV,2026-08-10,2026-08-21,C,77.5,582,7,1.0000000000000003e-05,30.7,28.15,29.7
CRWV,2026-08-10,2026-08-21,C,78.0,200,10,1.0000000000000003e-05,30.35,27.9,29.1
CRWV,2026-08-10,2026-08-21,C,79.0,402,23,1.0000000000000003e-05,27.92,26.55,28.1
CRWV,2026-08-10,2026-08-21,C,80.0,10238,159,1.0000000000000003e-05,26.45,26.15,26.8
CRWV,2026-08-10,2026-08-21,C,81.0,920,10,1.0000000000000003e-05,25.41,25.4,26.05
CRWV,2026-08-10,2026-08-21,C,82.0,179,3,1.0000000000000003e-05,24.51,24.4,25.15
CRWV,2026-08-10,2026-08-21,C,82.5,1995,8,1.0000000000000003e-05,24.78,23.35,24.8
CRWV,2026-08-10,2026-08-21,C,83.0,261,22,1.0000000000000003e-05,24.92,22.9,24.35
CRWV,2026-08-10,2026-08-21,C,84.0,256,8,1.0000000000000003e-05,23.95,22.4,23.35
CRWV,2026-08-10,2026-08-21,C,85.0,4428,631,1.0000000000000003e-05,21.7,21.5,22.1
CRWV,2026-08-10,2026-08-21,C,86.0,594,76,1.0000000000000003e-05,20.1,20.0,20.9
CRWV,2026-08-10,2026-08-21,C,87.0,504,41,1.0000000000000003e-05,20.35,19.3,20.35
CRWV,2026-08-10,2026-08-21,C,87.5,3129,444,0.7041045214843751,20.0,18.55,20.05
CRWV,2026-08-10,2026-08-21,C,88.0,398,104,1.0000000000000003e-05,20.4,18.2,19.25
CRWV,2026-08-10,2026-08-21,C,89.0,634,310,1.0000000000000003e-05,18.04,17.45,18.25
CRWV,2026-08-10,2026-08-21,C,90.0,7786,1405,0.6816438085937502,17.05,16.85,17.65
CRWV,2026-08-10,2026-08-21,C,91.0,662,80,0.4414118359375,16.98,15.9,16.4
CRWV,2026-08-10,2026-08-21,C,92.0,1002,385,0.657229990234375,15.07,14.8,15.75
CRWV,2026-08-10,2026-08-21,C,92.5,952,251,0.5419967675781252,14.94,14.7,15.05
CRWV,2026-08-10,2026-08-21,C,93.0,289,123,0.694338994140625,14.33,13.9,14.95
CRWV,2026-08-10,2026-08-21,C,94.0,169,90,0.543949873046875,12.75,13.2,14.1
CRWV,2026-08-10,2026-08-21,C,95.0,11339,8690,0.5205126074218749,12.88,12.3,13.05
CRWV,2026-08-10,2026-08-21,C,96.0,1538,1451,0.6274451318359376,11.88,11.75,12.5
CRWV,2026-08-10,2026-08-21,C,97.0,277,103,0.5991251025390626,12.1,10.7,11.65
CRWV,2026-08-10,2026-08-21,C,97.5,2495,108,0.6372106591796876,11.1,10.6,11.25
CRWV,2026-08-10,2026-08-21,C,98.0,150,109,0.65820654296875,10.7,10.25,11.0
CRWV,2026-08-10,2026-08-21,C,99.0,694,423,0.6523472265625001,10.4,9.6,10.05
CRWV,2026-08-10,2026-08-21,C,100.0,61088,23386,0.6555210229492189,9.1,8.85,9.35
CRWV,2026-08-10,2026-08-21,C,105.0,3958,2899,0.7172879833984375,6.12,6.05,6.55
CRWV,2026-08-10,2026-08-21,C,110.0,10331,11183,0.7407252490234374,4.05,3.95,4.25
CRWV,2026-08-10,2026-08-21,C,115.0,4583,7232,0.7377955908203124,2.47,2.41,2.45
CRWV,2026-08-10,2026-08-21,C,120.0,16803,13217,0.7641625146484375,1.48,1.45,1.54
CRWV,2026-08-10,2026-08-21,C,125.0,3473,4864,0.7846701220703125,0.86,0.87,0.92
CRWV,2026-08-10,2026-08-21,C,130.0,6421,3298,0.79687703125,0.5,0.47,0.55
CRWV,2026-08-10,2026-08-21,C,135.0,3683,2643,0.813478427734375,0.28,0.26,0.33
CRWV,2026-08-10,2026-08-21,C,140.0,5610,2633,0.8291032714843749,0.18,0.14,0.2
CRWV,2026-08-10,2026-08-21,C,145.0,3504,539,0.8476577734374999,0.1,0.08,0.12
CRWV,2026-08-10,2026-08-21,C,150.0,5210,1118,0.8554701953125,0.06,0.05,0.06
CRWV,2026-08-10,2026-08-21,C,155.0,1548,29,0.9062509375,0.05,0.02,0.07
CRWV,2026-08-10,2026-08-21,C,160.0,1634,66,0.98437515625,0.05,0.01,0.09
CRWV,2026-08-10,2026-08-21,C,165.0,1126,8,1.08203583984375,0.03,0.0,0.13
CRWV,2026-08-10,2026-08-21,C,170.0,843,38,0.98437515625,0.02,0.0,0.03
CRWV,2026-08-10,2026-08-21,C,175.0,2183,115,1.0859420703125,0.01,0.0,0.05
CRWV,2026-08-10,2026-08-21,C,180.0,873,329,0.98437515625,0.01,0.0,0.01
CRWV,2026-08-10,2026-08-21,C,185.0,490,46,1.3476595117187498,0.02,0.0,0.15
CRWV,2026-08-10,2026-08-21,C,190.0,437,2,1.40234673828125,0.03,0.0,0.15
CRWV,2026-08-10,2026-08-21,C,195.0,132,5,1.2343788281249999,0.03,0.0,0.03
CRWV,2026-08-10,2026-08-21,C,200.0,1115,8,1.15625421875,0.01,0.0,0.01
CRWV,2026-08-10,2026-08-21,C,210.0,1144,12,1.3125034374999998,0.01,0.0,0.02
CRWV,2026-08-10,2026-08-21,P,35.0,1378,11,2.1250046874999997,0.01,0.0,0.01
CRWV,2026-08-10,2026-08-21,P,37.5,1325,3,2.7968780078125004,0.01,0.0,0.23
CRWV,2026-08-10,2026-08-21,P,40.0,989,1,3.0449242626953126,0.04,0.0,0.61
CRWV,2026-08-10,2026-08-21,P,42.5,156,5,1.96875015625,0.01,0.0,0.03
CRWV,2026-08-10,2026-08-21,P,45.0,31799,30506,1.78125109375,0.01,0.0,0.02
CRWV,2026-08-10,2026-08-21,P,47.5,3148,3,1.5625021874999998,0.01,0.0,0.01
CRWV,2026-08-10,2026-08-21,P,50.0,4739,52,1.5000025,0.01,0.0,0.01
CRWV,2026-08-10,2026-08-21,P,55.0,4362,235,1.453127734375,0.01,0.01,0.02
CRWV,2026-08-10,2026-08-21,P,60.0,5349,491,1.3750031249999999,0.02,0.02,0.04
CRWV,2026-08-10,2026-08-21,P,62.0,1413,126,1.2500037499999999,0.02,0.0,0.04
CRWV,2026-08-10,2026-08-21,P,62.5,707,26,1.2578162109375,0.02,0.01,0.04
CRWV,2026-08-10,2026-08-21,P,63.0,589,41,1.2421912890624998,0.03,0.01,0.04
CRWV,2026-08-10,2026-08-21,P,64.0,684,26,1.2500037499999999,0.03,0.02,0.05
CRWV,2026-08-10,2026-08-21,P,65.0,6067,537,1.1953165234375,0.03,0.02,0.04
CRWV,2026-08-10,2026-08-21,P,66.0,348,112,1.1875040625,0.04,0.03,0.04
CRWV,2026-08-10,2026-08-21,P,67.0,802,92,1.109379453125,0.03,0.01,0.04
CRWV,2026-08-10,2026-08-21,P,67.5,2047,55,1.19922275390625,0.05,0.01,0.1
CRWV,2026-08-10,2026-08-21,P,68.0,432,261,1.1367230664062502,0.04,0.03,0.05
CRWV,2026-08-10,2026-08-21,P,69.0,309,27,1.0859420703125,0.05,0.02,0.05
CRWV,2026-08-10,2026-08-21,P,70.0,6356,1158,1.0859420703125,0.04,0.04,0.05
CRWV,2026-08-10,2026-08-21,P,71.0,885,42,1.1367230664062502,0.09,0.04,0.12
CRWV,2026-08-10,2026-08-21,P,71.5,131,9,1.0781296093750001,0.09,0.02,0.1
CRWV,2026-08-10,2026-08-21,P,72.0,482,1374,1.12109814453125,0.1,0.04,0.14
CRWV,2026-08-10,2026-08-21,P,72.5,1241,131,1.0312548437500002,0.06,0.04,0.07
CRWV,2026-08-10,2026-08-21,P,73.0,305,71,1.0390673046875003,0.06,0.05,0.08
CRWV,2026-08-10,2026-08-21,P,73.5,170,4,1.05078599609375,0.02,0.03,0.13
CRWV,2026-08-10,2026-08-21,P,74.0,515,318,1.0039112304687499,0.07,0.05,0.08
CRWV,2026-08-10,2026-08-21,P,75.0,8176,849,0.98437515625,0.07,0.06,0.08
CRWV,2026-08-10,2026-08-21,P,76.0,448,109,0.9609378906249999,0.08,0.05,0.1
CRWV,2026-08-10,2026-08-21,P,77.0,222,150,0.945313046875,0.08,0.07,0.1
CRWV,2026-08-10,2026-08-21,P,77.5,1531,76,0.92773509765625,0.12,0.06,0.11
CRWV,2026-08-10,2026-08-21,P,78.0,227,104,0.9257819921875,0.09,0.07,0.12
CRWV,2026-08-10,2026-08-21,P,79.0,224,103,0.8945323046874999,0.13,0.07,0.12
CRWV,2026-08-10,2026-08-21,P,80.0,14402,1523,0.9062509375,0.13,0.13,0.13
CRWV,2026-08-10,2026-08-21,P,81.0,220,87,0.8828136718749999,0.14,0.12,0.16
CRWV,2026-08-10,2026-08-21,P,82.0,275,84,0.8789074609374999,0.16,0.14,0.2
CRWV,2026-08-10,2026-08-21,P,82.5,827,105,0.86132951171875,0.21,0.13,0.21
CRWV,2026-08-10,2026-08-21,P,83.0,686,214,0.8818371191406249,0.2,0.2,0.23
CRWV,2026-08-10,2026-08-21,P,84.0,353,228,0.8720715917968749,0.23,0.2,0.3
CRWV,2026-08-10,2026-08-21,P,85.0,5373,1262,0.8466812207031249,0.27,0.25,0.28
CRWV,2026-08-10,2026-08-21,P,86.0,195,77,0.8437515624999999,0.31,0.3,0.34
CRWV,2026-08-10,2026-08-21,P,87.0,196,66,0.8466812207031249,0.4,0.37,0.42
CRWV,2026-08-10,2026-08-21,P,87.5,1295,502,0.8398453515625,0.43,0.38,0.46
CRWV,2026-08-10,2026-08-21,P,88.0,325,179,0.8369156933593749,0.44,0.42,0.49
CRWV,2026-08-10,2026-08-21,P,89.0,476,164,0.8359391406249999,0.53,0.5,0.59
CRWV,2026-08-10,2026-08-21,P,90.0,9310,3033,0.8300798242187499,0.6,0.6,0.67
CRWV,2026-08-10,2026-08-21,P,91.0,558,233,0.8208025732421874,0.75,0.68,0.77
CRWV,2026-08-10,2026-08-21,P,92.0,750,369,0.8266618896484373,0.82,0.83,0.93
CRWV,2026-08-10,2026-08-21,P,92.5,1171,920,0.8256853369140623,0.93,0.91,0.99
CRWV,2026-08-10,2026-08-21,P,93.0,259,267,0.8178729150390623,1.07,0.93,1.07
CRWV,2026-08-10,2026-08-21,P,94.0,93,80,0.8251970605468748,1.2,1.14,1.26
CRWV,2026-08-10,2026-08-21,P,95.0,3780,1529,0.8247087841796874,1.38,1.33,1.45
CRWV,2026-08-10,2026-08-21,P,96.0,238,87,0.8212908496093749,1.64,1.52,1.66
CRWV,2026-08-10,2026-08-21,P,97.0,26,91,0.8239763696289062,1.72,1.76,1.92
CRWV,2026-08-10,2026-08-21,P,97.5,518,229,0.8271501660156249,2.0,1.91,2.06
CRWV,2026-08-10,2026-08-21,P,98.0,25,307,0.8283708569335937,2.13,2.08,2.17
CRWV,2026-08-10,2026-08-21,P,99.0,42,333,0.8315446533203124,2.39,2.34,2.52
CRWV,2026-08-10,2026-08-21,P,100.0,3200,2063,0.8332536206054686,2.7,2.7,2.81
CRWV,2026-08-10,2026-08-21,P,105.0,2833,1360,0.8435074243164062,4.7,4.7,4.9
CRWV,2026-08-10,2026-08-21,P,110.0,2565,1736,0.8713391772460937,7.45,7.45,7.85
CRWV,2026-08-10,2026-08-21,P,115.0,833,137,0.8459488061523437,11.15,10.35,11.15
CRWV,2026-08-10,2026-08-21,P,120.0,977,309,0.9680178979492188,15.0,15.05,15.45
CRWV,2026-08-10,2026-08-21,P,125.0,174,3,1.017583037109375,36.22,18.9,20.25
CRWV,2026-08-10,2026-08-21,P,130.0,196,93,1.0825241186523438,23.65,23.7,24.65
CRWV,2026-08-10,2026-08-21,P,135.0,0,1,1.1357465087890626,63.37,28.1,29.6
CRWV,2026-08-10,2026-08-21,P,140.0,0,10,1.2915074487304685,61.53,33.25,34.7
CRWV,2026-08-10,2026-08-21,P,145.0,0,1,1.3261752441406247,36.65,37.9,39.5
CRWV,2026-08-10,2026-08-21,P,150.0,0,4,1.4472683886718751,75.29,42.9,44.6
CRWV,2026-08-10,2026-08-21,P,155.0,0,1,1.5400413623046876,88.12,47.95,49.5
CRWV,2026-08-10,2026-08-21,P,160.0,0,1,1.6435564697265623,93.11,53.1,54.4
CRWV,2026-08-10,2026-08-21,P,165.0,0,10,1.0000000000000003e-05,50.56,0.0,0.0
CRWV,2026-08-10,2026-08-21,P,170.0,0,1,1.7939463427734375,76.09,62.95,64.4
CRWV,2026-08-10,2026-08-21,P,175.0,0,2,1.8955083349609376,90.7,67.95,69.5
CRWV,2026-08-10,2026-08-21,P,180.0,18,2,6.717530899963379,79.1,101.1,104.0
CRWV,2026-08-10,2026-08-21,P,185.0,21,31,3.329103239746093,59.2,83.05,85.15
CRWV,2026-08-10,2026-08-21,P,190.0,0,1,2.1054734863281244,83.55,82.95,84.4
CRWV,2026-08-10,2026-08-21,P,195.0,10,20,3.448731846923828,66.8,92.25,95.3
CRWV,2026-08-10,2026-08-21,P,200.0,0,1,2.275394936523437,93.55,92.95,94.55
CRWV,2026-08-10,2026-08-21,P,210.0,0,15,2.3847696630859367,129.85,102.95,104.45
CRWV,2026-08-10,2026-08-28,C,40.0,3,2,1.0000000000000003e-05,69.15,65.6,67.25
CRWV,2026-08-10,2026-08-28,C,45.0,30,10,1.0000000000000003e-05,63.7,60.65,62.25
CRWV,2026-08-10,2026-08-28,C,50.0,74,2,1.0000000000000003e-05,39.17,55.65,57.25
CRWV,2026-08-10,2026-08-28,C,52.0,40,0,1.0000000000000003e-05,32.15,53.5,55.25
CRWV,2026-08-10,2026-08-28,C,55.0,8,2,1.0000000000000003e-05,34.0,50.7,52.3
CRWV,2026-08-10,2026-08-28,C,56.0,70,40,1.0000000000000003e-05,35.55,49.5,51.3
CRWV,2026-08-10,2026-08-28,C,60.0,73,10,1.0000000000000003e-05,29.45,45.45,47.3
CRWV,2026-08-10,2026-08-28,C,64.0,50,2,1.0000000000000003e-05,45.2,41.8,43.3
CRWV,2026-08-10,2026-08-28,C,65.0,119,2,1.0000000000000003e-05,25.91,40.8,42.35
CRWV,2026-08-10,2026-08-28,C,67.0,2,1,1.0000000000000003e-05,41.94,38.6,40.35
CRWV,2026-08-10,2026-08-28,C,68.0,12,1,1.0000000000000003e-05,40.12,37.85,39.35
CRWV,2026-08-10,2026-08-28,C,69.0,13,1,1.0000000000000003e-05,39.6,36.8,38.35
CRWV,2026-08-10,2026-08-28,C,70.0,336,203,0.7929708203125,36.4,35.6,37.4
CRWV,2026-08-10,2026-08-28,C,71.0,66,1,0.7695335546875001,39.55,34.9,36.4
CRWV,2026-08-10,2026-08-28,C,72.0,47,1,0.7460962890625,19.85,33.9,35.4
CRWV,2026-08-10,2026-08-28,C,73.0,95,1,0.8789074609374999,35.0,32.95,34.5
CRWV,2026-08-10,2026-08-28,C,74.0,55,1,0.9355475195312499,32.93,31.65,33.6
CRWV,2026-08-10,2026-08-28,C,75.0,246,3,0.9062509375,32.15,30.8,32.6
CRWV,2026-08-10,2026-08-28,C,76.0,81,1,0.9101571484375,30.75,30.05,31.65
CRWV,2026-08-10,2026-08-28,C,77.0,78,12,0.9091805957031249,32.7,29.2,30.7
CRWV,2026-08-10,2026-08-28,C,78.0,30,2,0.905274384765625,33.5,27.85,29.75
CRWV,2026-08-10,2026-08-28,C,79.0,57,2,0.8974619628906249,32.25,27.1,28.8
CRWV,2026-08-10,2026-08-28,C,80.0,1074,624,0.7334011035156249,26.6,26.2,27.55
CRWV,2026-08-10,2026-08-28,C,81.0,125,11,0.8378922460937499,28.77,25.15,26.8
CRWV,2026-08-10,2026-08-28,C,82.0,122,4,0.8647474462890624,11.62,24.25,25.95
CRWV,2026-08-10,2026-08-28,C,83.0,104,40,0.8667005517578125,24.5,23.35,25.05
CRWV,2026-08-10,2026-08-28,C,84.0,183,5,0.8500991552734375,23.5,22.3,24.1
CRWV,2026-08-10,2026-08-28,C,85.0,360,85,0.719729365234375,22.38,21.65,22.8
CRWV,2026-08-10,2026-08-28,C,86.0,77,23,0.526371923828125,24.0,20.85,22.1
CRWV,2026-08-10,2026-08-28,C,87.0,137,29,0.624027197265625,20.82,20.05,21.35
CRWV,2026-08-10,2026-08-28,C,88.0,93,29,0.5273484765625001,21.25,19.1,20.0
CRWV,2026-08-10,2026-08-28,C,89.0,828,206,0.5874064697265625,19.71,18.2,19.3
CRWV,2026-08-10,2026-08-28,C,90.0,889,198,0.5844768115234374,17.83,17.4,18.25
CRWV,2026-08-10,2026-08-28,C,91.0,169,60,0.6303747900390625,17.29,16.6,17.6
CRWV,2026-08-10,2026-08-28,C,92.0,320,36,0.6342810009765626,16.35,15.9,16.6
CRWV,2026-08-10,2026-08-28,C,93.0,154,133,0.6630893066406252,15.6,15.2,15.9
CRWV,2026-08-10,2026-08-28,C,94.0,248,153,0.6521030883789063,14.75,14.45,14.9
CRWV,2026-08-10,2026-08-28,C,95.0,2030,1359,0.70898728515625,14.01,14.0,14.45
CRWV,2026-08-10,2026-08-28,C,96.0,207,54,0.6909210595703126,13.6,12.8,13.9
CRWV,2026-08-10,2026-08-28,C,97.0,355,24,0.7072783178710937,13.8,12.25,13.2
CRWV,2026-08-10,2026-08-28,C,98.0,426,45,0.6779817358398439,13.12,11.35,12.25
CRWV,2026-08-10,2026-08-28,C,99.0,278,71,0.6906769213867189,12.3,10.8,11.6
CRWV,2026-08-10,2026-08-28,C,100.0,1815,343,0.6899445068359377,10.75,10.35,10.7
CRWV,2026-08-10,2026-08-28,C,101.0,40,39,0.7072783178710937,10.15,9.85,10.2
CRWV,2026-08-10,2026-08-28,C,102.0,17,79,0.7150907397460937,9.33,9.25,9.7
CRWV,2026-08-10,2026-08-28,C,103.0,33,23,0.7136259106445313,8.94,8.7,9.05
CRWV,2026-08-10,2026-08-28,C,105.0,561,375,0.7251004052734374,7.95,7.65,8.1
CRWV,2026-08-10,2026-08-28,C,110.0,871,754,0.7392604199218749,5.66,5.5,5.85
CRWV,2026-08-10,2026-08-28,C,115.0,436,414,0.7424342163085937,3.93,3.8,4.05
CRWV,2026-08-10,2026-08-28,C,120.0,1554,705,0.7644066528320312,2.72,2.68,2.9
CRWV,2026-08-10,2026-08-28,C,125.0,1256,312,0.7619652709960938,1.84,1.75,1.9
CRWV,2026-08-10,2026-08-28,C,130.0,1501,697,0.7719749365234375,1.27,1.18,1.27
CRWV,2026-08-10,2026-08-28,P,40.0,364,8,1.65625171875,0.02,0.01,0.03
CRWV,2026-08-10,2026-08-28,P,45.0,84,11,1.5000025,0.02,0.01,0.04
CRWV,2026-08-10,2026-08-28,P,50.0,307,21,1.3984405078125,0.03,0.0,0.08
CRWV,2026-08-10,2026-08-28,P,52.0,10,14,1.48047134765625,0.11,0.0,0.19
CRWV,2026-08-10,2026-08-28,P,53.0,1039,25,1.2578162109375,0.11,0.0,0.06
CRWV,2026-08-10,2026-08-28,P,54.0,53,6,1.203128984375,0.03,0.0,0.05
CRWV,2026-08-10,2026-08-28,P,55.0,358,105,1.1953165234375,0.03,0.02,0.04
CRWV,2026-08-10,2026-08-28,P,56.0,115,5,1.203128984375,0.03,0.02,0.06
CRWV,2026-08-10,2026-08-28,P,57.0,39,20,1.2890660546875,0.25,0.0,0.17
CRWV,2026-08-10,2026-08-28,P,58.0,301,31,1.1640666796875,0.09,0.02,0.07
CRWV,2026-08-10,2026-08-28,P,59.0,21,18,1.0781296093750001,0.04,0.0,0.06
CRWV,2026-08-10,2026-08-28,P,60.0,475,133,1.1015669921875002,0.04,0.03,0.06
CRWV,2026-08-10,2026-08-28,P,61.0,57,8,1.0859420703125,0.04,0.01,0.09
CRWV,2026-08-10,2026-08-28,P,62.0,234,11,1.0468797656250002,0.08,0.02,0.07
CRWV,2026-08-10,2026-08-28,P,63.0,258,21,1.0429735351562504,0.06,0.03,0.08
CRWV,2026-08-10,2026-08-28,P,64.0,73,54,0.992187578125,0.07,0.01,0.08
CRWV,2026-08-10,2026-08-28,P,65.0,789,226,1.01953615234375,0.07,0.06,0.08
CRWV,2026-08-10,2026-08-28,P,66.0,28,15,0.9687503125,0.08,0.03,0.09
CRWV,2026-08-10,2026-08-28,P,67.0,52,31,0.9609378906249999,0.08,0.05,0.09
CRWV,2026-08-10,2026-08-28,P,68.0,132,38,1.001958115234375,0.11,0.07,0.16
CRWV,2026-08-10,2026-08-28,P,69.0,124,112,0.94726615234375,0.11,0.08,0.11
CRWV,2026-08-10,2026-08-28,P,70.0,758,187,0.9511723632812499,0.12,0.1,0.14
CRWV,2026-08-10,2026-08-28,P,71.0,95,41,0.945313046875,0.14,0.1,0.18
CRWV,2026-08-10,2026-08-28,P,72.0,156,14,0.937500625,0.18,0.13,0.19
CRWV,2026-08-10,2026-08-28,P,73.0,106,22,0.9179695703125,0.16,0.14,0.2
CRWV,2026-08-10,2026-08-28,P,74.0,210,10,0.893555751953125,0.17,0.15,0.2
CRWV,2026-08-10,2026-08-28,P,75.0,627,241,0.8964854101562498,0.21,0.18,0.25
CRWV,2026-08-10,2026-08-28,P,76.0,107,22,0.8789074609374999,0.27,0.2,0.26
CRWV,2026-08-10,2026-08-28,P,77.0,210,10,0.8867198828124999,0.28,0.22,0.36
CRWV,2026-08-10,2026-08-28,P,78.0,125,25,0.8632826171875,0.3,0.26,0.34
CRWV,2026-08-10,2026-08-28,P,79.0,153,171,0.8632826171875,0.27,0.31,0.4
CRWV,2026-08-10,2026-08-28,P,80.0,493,282,0.8564467480468749,0.4,0.34,0.47
CRWV,2026-08-10,2026-08-28,P,81.0,130,74,0.8437515624999999,0.42,0.41,0.48
CRWV,2026-08-10,2026-08-28,P,82.0,141,49,0.840821904296875,0.49,0.46,0.57
CRWV,2026-08-10,2026-08-28,P,83.0,57,17,0.840821904296875,0.55,0.55,0.65
CRWV,2026-08-10,2026-08-28,P,84.0,100,19,0.8320329296874999,0.72,0.62,0.72
CRWV,2026-08-10,2026-08-28,P,85.0,195,172,0.8271501660156249,0.75,0.71,0.81
CRWV,2026-08-10,2026-08-28,P,86.0,121,118,0.8198260205078124,0.85,0.78,0.92
CRWV,2026-08-10,2026-08-28,P,87.0,74,29,0.8188494677734374,1.04,0.91,1.04
CRWV,2026-08-10,2026-08-28,P,88.0,148,80,0.8173846386718748,1.13,1.04,1.18
CRWV,2026-08-10,2026-08-28,P,89.0,84,74,0.8168963623046874,1.28,1.21,1.32
CRWV,2026-08-10,2026-08-28,P,90.0,315,405,0.815431533203125,1.44,1.37,1.49
CRWV,2026-08-10,2026-08-28,P,91.0,45,54,0.8129901513671874,1.53,1.51,1.7
CRWV,2026-08-10,2026-08-28,P,92.0,39,93,0.8129901513671874,1.84,1.74,1.88
CRWV,2026-08-10,2026-08-28,P,93.0,13,44,0.8059101440429688,1.95,1.92,2.06
CRWV,2026-08-10,2026-08-28,P,94.0,78,28,0.8083515258789062,2.28,2.14,2.35
CRWV,2026-08-10,2026-08-28,P,95.0,92,156,0.807619111328125,2.59,2.4,2.6
CRWV,2026-08-10,2026-08-28,P,96.0,10,11,0.813478427734375,2.83,2.65,2.99
CRWV,2026-08-10,2026-08-28,P,97.0,27,10,0.8151873950195312,3.17,2.97,3.3
CRWV,2026-08-10,2026-08-28,P,98.0,67,38,0.8110370458984374,3.45,3.25,3.6
CRWV,2026-08-10,2026-08-28,P,99.0,23,14,0.818117053222656,3.77,3.7,3.95
CRWV,2026-08-10,2026-08-28,P,100.0,110,592,0.82226740234375,4.23,4.1,4.35
CRWV,2026-08-10,2026-08-28,P,105.0,140,264,0.8188494677734374,6.3,6.15,6.55
CRWV,2026-08-10,2026-08-28,P,110.0,40,237,0.8173846386718748,9.0,8.65,9.4
CRWV,2026-08-10,2026-08-28,P,115.0,14,42,0.858399853515625,12.71,12.4,12.75
CRWV,2026-08-10,2026-08-28,P,120.0,5,15,0.8564467480468749,15.57,15.5,16.8
CRWV,2026-08-10,2026-08-28,P,130.0,34,33,0.8891612646484374,25.01,23.95,25.1
CRWV,2026-08-10,2026-09-04,C,40.0,41,40,1.671876640625,49.63,65.4,67.4
CRWV,2026-08-10,2026-09-04,C,45.0,43,0,1.484377578125,46.98,60.65,62.4
CRWV,2026-08-10,2026-09-04,C,50.0,25,5,1.3906280468749999,38.73,55.6,57.45
CRWV,2026-08-10,2026-09-04,C,52.0,1,2,1.3261752441406247,22.4,53.45,55.45
CRWV,2026-08-10,2026-09-04,C,54.0,35,0,1.2636755566406248,38.3,51.45,53.45
CRWV,2026-08-10,2026-09-04,C,55.0,5,0,1.2324257128906249,20.5,50.6,52.45
CRWV,2026-08-10,2026-09-04,C,60.0,82,61,1.1367230664062502,30.0,46.6,47.5
CRWV,2026-08-10,2026-09-04,C,64.0,1,44,1.0625046875000002,26.14,41.75,43.55
CRWV,2026-08-10,2026-09-04,C,65.0,98,42,1.0673874755859378,24.95,41.6,42.6
CRWV,2026-08-10,2026-09-04,C,66.0,3,1,1.0683640332031252,41.98,39.85,41.65
CRWV,2026-08-10,2026-09-04,C,67.0,2,40,1.091801416015625,23.97,38.6,40.75
CRWV,2026-08-10,2026-09-04,C,68.0,4,40,1.1064497802734377,22.87,37.85,39.85
CRWV,2026-08-10,2026-09-04,C,69.0,5,5,1.0966842041015625,38.5,36.75,38.9
CRWV,2026-08-10,2026-09-04,C,70.0,101,5,1.0859420703125,36.65,36.0,37.95
CRWV,2026-08-10,2026-09-04,C,71.0,22,40,1.0737351000976565,20.19,34.95,37.0
CRWV,2026-08-10,2026-09-04,C,72.0,138,17,1.0605515722656251,36.78,34.35,36.05
CRWV,2026-08-10,2026-09-04,C,73.0,102,9,1.0463914868164066,36.98,32.95,35.1
CRWV,2026-08-10,2026-09-04,C,74.0,55,80,1.0312548437500002,18.13,32.05,34.15
CRWV,2026-08-10,2026-09-04,C,75.0,103,14,1.015629921875,32.11,31.35,33.2
CRWV,2026-08-10,2026-09-04,C,76.0,41,29,0.9995117236328125,31.13,30.35,32.25
CRWV,2026-08-10,2026-09-04,C,77.0,10,40,0.5664105859375,30.08,29.35,31.35
CRWV,2026-08-10,2026-09-04,C,78.0,38,40,0.62305064453125,29.47,28.45,30.4
CRWV,2026-08-10,2026-09-04,C,79.0,47,40,0.6347692773437501,28.49,27.45,29.5
CRWV,2026-08-10,2026-09-04,C,80.0,263,45,0.676761044921875,27.46,26.65,28.55
CRWV,2026-08-10,2026-09-04,C,81.0,381,25,0.692385888671875,26.18,25.75,27.65
CRWV,2026-08-10,2026-09-04,C,82.0,90,6,0.7094755615234375,26.5,24.85,26.8
CRWV,2026-08-10,2026-09-04,C,83.0,41,2,0.6157264990234376,27.65,24.0,25.25
CRWV,2026-08-10,2026-09-04,C,84.0,70,2,0.6191444335937502,12.3,23.0,24.4
CRWV,2026-08-10,2026-09-04,C,85.0,194,37,0.7597680273437502,24.2,23.05,23.65
CRWV,2026-08-10,2026-09-04,C,86.0,149,70,0.6938507177734375,23.33,21.65,22.7
CRWV,2026-08-10,2026-09-04,C,87.0,97,9,0.7226590234375,22.2,20.45,22.45
CRWV,2026-08-10,2026-09-04,C,88.0,70,23,0.7690452783203126,20.65,20.0,21.75
CRWV,2026-08-10,2026-09-04,C,89.0,136,62,0.7587914746093751,20.24,19.05,20.95
CRWV,2026-08-10,2026-09-04,C,90.0,395,62,0.6669955175781253,19.25,18.25,19.0
CRWV,2026-08-10,2026-09-04,C,91.0,132,30,0.7082548706054688,18.8,17.45,18.7
CRWV,2026-08-10,2026-09-04,C,92.0,246,28,0.6772493212890626,17.8,16.75,17.4
CRWV,2026-08-10,2026-09-04,C,93.0,118,15,0.7316921362304687,16.4,16.3,17.1
CRWV,2026-08-10,2026-09-04,C,94.0,144,46,0.73633076171875,15.83,15.6,16.4
CRWV,2026-08-10,2026-09-04,C,95.0,406,62,0.7446314599609375,15.65,14.9,15.8
CRWV,2026-08-10,2026-09-04,C,96.0,24,3,0.74414318359375,17.0,14.15,15.15
CRWV,2026-08-10,2026-09-04,C,97.0,57,29,0.7307155834960937,14.63,13.5,14.2
CRWV,2026-08-10,2026-09-04,C,98.0,14,6,0.7346217944335938,15.53,12.75,13.7
CRWV,2026-08-10,2026-09-04,C,99.0,46,15,0.7492700854492188,12.83,12.35,13.1
CRWV,2026-08-10,2026-09-04,C,100.0,721,321,0.7331569653320311,11.77,11.65,12.25
CRWV,2026-08-10,2026-09-04,C,101.0,16,54,0.7407252490234374,11.29,11.1,11.75
CRWV,2026-08-10,2026-09-04,C,102.0,35,45,0.7458521508789062,10.75,10.6,11.2
CRWV,2026-08-10,2026-09-04,C,103.0,12,10,0.7465845654296875,11.5,10.1,10.6
CRWV,2026-08-10,2026-09-04,C,105.0,324,274,0.7399928344726561,9.38,9.05,9.4
CRWV,2026-08-10,2026-09-04,C,110.0,355,165,0.752932158203125,7.16,6.85,7.3
CRWV,2026-08-10,2026-09-04,C,115.0,423,175,0.7631859619140625,5.38,5.1,5.6
CRWV,2026-08-10,2026-09-04,C,120.0,717,331,0.7619652709960938,4.0,3.75,4.05
CRWV,2026-08-10,2026-09-04,C,125.0,775,228,0.7719749365234375,2.89,2.73,3.05
CRWV,2026-08-10,2026-09-04,P,40.0,239,10,1.625001875,0.06,0.0,0.16
CRWV,2026-08-10,2026-09-04,P,45.0,24,8,1.44140904296875,0.06,0.0,0.16
CRWV,2026-08-10,2026-09-04,P,50.0,329,31,1.0625046875000002,0.03,0.01,0.02
CRWV,2026-08-10,2026-09-04,P,52.0,18,4,1.4257841210937499,0.16,0.0,0.48
CRWV,2026-08-10,2026-09-04,P,53.0,202,1,1.6650407373046878,0.43,0.0,1.3
CRWV,2026-08-10,2026-09-04,P,54.0,17,1,1.72265763671875,0.53,0.0,1.71
CRWV,2026-08-10,2026-09-04,P,55.0,338,58,1.0078174609375,0.04,0.01,0.05
CRWV,2026-08-10,2026-09-04,P,56.0,12956,7,0.937500625,0.01,0.0,0.04
CRWV,2026-08-10,2026-09-04,P,57.0,300,25,1.015629921875,0.05,0.0,0.1
CRWV,2026-08-10,2026-09-04,P,58.0,49,2,1.01172369140625,0.05,0.0,0.12
CRWV,2026-08-10,2026-09-04,P,59.0,98,13,0.9765627343750001,0.05,0.01,0.1
CRWV,2026-08-10,2026-09-04,P,60.0,352,98,0.9687503125,0.06,0.05,0.08
CRWV,2026-08-10,2026-09-04,P,61.0,68,22,0.9609378906249999,0.07,0.02,0.13
CRWV,2026-08-10,2026-09-04,P,62.0,160,4,0.929688203125,0.08,0.01,0.13
CRWV,2026-08-10,2026-09-04,P,63.0,59,13,0.8867198828124999,0.1,0.01,0.11
CRWV,2026-08-10,2026-09-04,P,64.0,27,11,0.929688203125,0.1,0.08,0.13
CRWV,2026-08-10,2026-09-04,P,65.0,431,103,0.92773509765625,0.16,0.08,0.17
CRWV,2026-08-10,2026-09-04,P,66.0,130,9,0.91211025390625,0.14,0.07,0.2
CRWV,2026-08-10,2026-09-04,P,67.0,114,13,0.8867198828124999,0.14,0.05,0.22
CRWV,2026-08-10,2026-09-04,P,68.0,182,25,0.9101571484375,0.18,0.16,0.22
CRWV,2026-08-10,2026-09-04,P,69.0,160,3,0.93945373046875,0.26,0.18,0.36
CRWV,2026-08-10,2026-09-04,P,70.0,305,108,0.8867198828124999,0.23,0.21,0.25
CRWV,2026-08-10,2026-09-04,P,71.0,114,8,0.87695435546875,0.35,0.2,0.31
CRWV,2026-08-10,2026-09-04,P,72.0,474,9,0.866212275390625,0.35,0.22,0.34
CRWV,2026-08-10,2026-09-04,P,73.0,113,6,0.8710950390625,0.44,0.3,0.38
CRWV,2026-08-10,2026-09-04,P,74.0,95,10,0.87695435546875,0.37,0.35,0.47
CRWV,2026-08-10,2026-09-04,P,75.0,414,104,0.86132951171875,0.42,0.39,0.48
CRWV,2026-08-10,2026-09-04,P,76.0,30,4,0.85937640625,0.56,0.47,0.53
CRWV,2026-08-10,2026-09-04,P,77.0,30,16,0.848634326171875,0.55,0.44,0.65
CRWV,2026-08-10,2026-09-04,P,78.0,76,14,0.850587431640625,0.7,0.6,0.67
CRWV,2026-08-10,2026-09-04,P,79.0,68,5,0.851563984375,0.86,0.64,0.82
CRWV,2026-08-10,2026-09-04,P,80.0,408,80,0.8413101806640625,0.75,0.73,0.86
CRWV,2026-08-10,2026-09-04,P,81.0,78,5,0.8300798242187499,0.89,0.8,0.92
CRWV,2026-08-10,2026-09-04,P,82.0,39,13,0.840821904296875,0.99,0.93,1.12
CRWV,2026-08-10,2026-09-04,P,83.0,41,23,0.8325212060546874,1.09,1.06,1.18
CRWV,2026-08-10,2026-09-04,P,84.0,23,9,0.8369156933593749,1.5,1.16,1.41
CRWV,2026-08-10,2026-09-04,P,85.0,123,56,0.8237322314453124,1.37,1.29,1.45
CRWV,2026-08-10,2026-09-04,P,86.0,27,72,0.8171405004882811,1.6,1.37,1.63
CRWV,2026-08-10,2026-09-04,P,87.0,79,5,0.8256853369140623,1.84,1.62,1.84
CRWV,2026-08-10,2026-09-04,P,88.0,147,33,0.8203142968749999,2.01,1.75,2.03
CRWV,2026-08-10,2026-09-04,P,89.0,30,25,0.8137225659179688,2.15,1.92,2.19
CRWV,2026-08-10,2026-09-04,P,90.0,212,193,0.8098163549804687,2.3,2.11,2.39
CRWV,2026-08-10,2026-09-04,P,91.0,45,16,0.8115253222656249,2.61,2.41,2.59
CRWV,2026-08-10,2026-09-04,P,92.0,56,13,0.8078632495117187,2.86,2.54,2.91
CRWV,2026-08-10,2026-09-04,P,93.0,50,18,0.8127460131835937,3.03,2.87,3.2
CRWV,2026-08-10,2026-09-04,P,94.0,93,1,0.8068866967773438,2.56,3.05,3.5
CRWV,2026-08-10,2026-09-04,P,95.0,154,19,0.8120135986328124,3.62,3.45,3.8
CRWV,2026-08-10,2026-09-04,P,96.0,17,3,0.80664255859375,4.0,3.7,4.1
CRWV,2026-08-10,2026-09-04,P,97.0,37,4,0.8021260021972656,4.35,4.0,4.4
CRWV,2026-08-10,2026-09-04,P,98.0,28,3,0.8090839404296875,4.49,4.4,4.85
CRWV,2026-08-10,2026-09-04,P,99.0,1,5,0.8088398022460936,5.1,4.75,5.25
CRWV,2026-08-10,2026-09-04,P,100.0,564,117,0.8139667041015625,5.45,5.35,5.55
CRWV,2026-08-10,2026-09-04,P,105.0,21,135,0.81445498046875,7.8,7.45,8.0
CRWV,2026-08-10,2026-09-04,P,110.0,79,307,0.8099384240722656,10.7,10.1,10.7
CRWV,2026-08-10,2026-09-04,P,115.0,12,10,0.8288591333007811,13.85,13.45,14.05
CRWV,2026-08-10,2026-09-04,P,120.0,23,14,0.8300798242187499,15.7,16.95,17.6
CRWV,2026-08-10,2026-09-04,P,125.0,65,2,0.877930908203125,20.0,21.0,22.1
CRWV,2026-08-10,2026-09-11,C,45.0,26,4,1.48047134765625,47.28,60.7,62.55
CRWV,2026-08-10,2026-09-11,C,52.0,25,0,1.29297228515625,40.3,53.45,55.6
CRWV,2026-08-10,2026-09-11,C,59.0,25,40,1.1494183154296875,30.93,46.7,48.7
CRWV,2026-08-10,2026-09-11,C,60.0,2,40,1.1464886425781249,30.01,46.5,47.75
CRWV,2026-08-10,2026-09-11,C,68.0,2,40,1.098149040527344,22.82,38.35,40.25
CRWV,2026-08-10,2026-09-11,C,69.0,26,40,1.0830123974609376,22.14,37.1,39.3
CRWV,2026-08-10,2026-09-11,C,70.0,4,20,1.0673874755859378,21.5,36.05,38.35
CRWV,2026-08-10,2026-09-11,C,71.0,11,20,0.9858399853515626,35.89,35.35,37.15
CRWV,2026-08-10,2026-09-11,C,72.0,4,40,1.0463914868164066,34.99,34.0,36.5
CRWV,2026-08-10,2026-09-11,C,73.0,34,40,0.58789474609375,33.93,33.7,35.05
CRWV,2026-08-10,2026-09-11,C,74.0,52,43,0.6699251757812501,33.4,32.4,34.6
CRWV,2026-08-10,2026-09-11,C,75.0,51,40,0.6992217578125001,32.28,31.5,33.7
CRWV,2026-08-10,2026-09-11,C,76.0,8,40,0.7358424853515625,31.51,30.75,32.75
CRWV,2026-08-10,2026-09-11,C,77.0,9,43,0.7670921728515626,30.85,30.0,31.85
CRWV,2026-08-10,2026-09-11,C,78.0,3,52,0.72851833984375,29.93,28.8,30.95
CRWV,2026-08-10,2026-09-11,C,79.0,41,41,0.7050810742187501,29.21,27.7,30.05
CRWV,2026-08-10,2026-09-11,C,80.0,73,48,0.7392604199218749,29.0,27.0,29.2
CRWV,2026-08-10,2026-09-11,C,81.0,18,48,0.7368190380859375,27.95,26.1,28.3
CRWV,2026-08-10,2026-09-11,C,82.0,14,7,0.6352575537109376,13.37,25.4,26.35
CRWV,2026-08-10,2026-09-11,C,83.0,17,40,0.681887946777344,26.17,24.45,25.9
CRWV,2026-08-10,2026-09-11,C,84.0,15,23,0.6872589868164063,25.37,23.65,25.0
CRWV,2026-08-10,2026-09-11,C,85.0,47,1,0.6760286303710938,23.81,22.95,23.85
CRWV,2026-08-10,2026-09-11,C,86.0,48,9,0.676761044921875,23.5,21.95,23.15
CRWV,2026-08-10,2026-09-11,C,87.0,89,125,0.6123085644531252,10.29,20.9,21.75
CRWV,2026-08-10,2026-09-11,C,88.0,184,5,0.7658714819335939,22.0,20.4,22.65
CRWV,2026-08-10,2026-09-11,C,89.0,85,54,0.7172879833984375,23.4,20.0,20.75
CRWV,2026-08-10,2026-09-11,C,90.0,187,65,0.7146024633789063,20.5,18.8,20.35
CRWV,2026-08-10,2026-09-11,C,91.0,115,64,0.7189969506835938,19.5,18.5,19.2
CRWV,2026-08-10,2026-09-11,C,92.0,102,16,0.70117486328125,18.4,17.55,18.35
CRWV,2026-08-10,2026-09-11,C,93.0,105,32,0.7131376342773439,18.5,16.85,17.8
CRWV,2026-08-10,2026-09-11,C,94.0,69,43,0.70898728515625,17.78,16.15,17.0
CRWV,2026-08-10,2026-09-11,C,95.0,116,70,0.7009307250976562,15.98,15.3,16.3
CRWV,2026-08-10,2026-09-11,C,96.0,4,7,0.7746604565429689,7.12,14.8,16.95
CRWV,2026-08-10,2026-09-11,C,97.0,356,9,0.7097196997070312,16.78,14.15,14.95
CRWV,2026-08-10,2026-09-11,C,98.0,114,18,0.748171463623047,14.49,13.65,15.0
CRWV,2026-08-10,2026-09-11,C,99.0,11,11,0.7717307983398438,14.45,13.05,14.9
CRWV,2026-08-10,2026-09-11,C,100.0,291,237,0.7266873034667969,12.93,12.5,13.25
CRWV,2026-08-10,2026-09-11,C,101.0,10,60,0.7336452416992187,12.38,12.0,12.75
CRWV,2026-08-10,2026-09-11,C,102.0,27,62,0.7409693872070311,11.9,11.5,12.3
CRWV,2026-08-10,2026-09-11,C,103.0,41,42,0.7319362744140624,11.82,10.95,11.55
CRWV,2026-08-10,2026-09-11,C,105.0,115,145,0.7447535290527343,10.37,10.0,10.75
CRWV,2026-08-10,2026-09-11,C,110.0,275,179,0.7442652526855469,8.14,7.8,8.4
CRWV,2026-08-10,2026-09-11,C,115.0,347,138,0.7473169799804689,6.19,6.0,6.55
CRWV,2026-08-10,2026-09-11,C,120.0,50,168,0.7517114672851561,5.02,4.6,5.05
CRWV,2026-08-10,2026-09-11,C,125.0,153,531,0.7507349145507812,3.55,3.5,3.75
CRWV,2026-08-10,2026-09-11,P,40.0,24,3,1.2812535937499998,0.04,0.0,0.06
CRWV,2026-08-10,2026-09-11,P,45.0,52,2,1.3984405078125,0.33,0.0,0.33
CRWV,2026-08-10,2026-09-11,P,50.0,65,30,1.455080849609375,0.16,0.0,0.87
CRWV,2026-08-10,2026-09-11,P,52.0,34,2,1.3144565527343748,1.48,0.0,0.64
CRWV,2026-08-10,2026-09-11,P,53.0,53,2,1.2666052294921872,1.5,0.0,0.59
CRWV,2026-08-10,2026-09-11,P,54.0,4,18,1.3066440917968747,0.39,0.0,0.81
CRWV,2026-08-10,2026-09-11,P,55.0,182,3,1.056645341796875,0.13,0.0,0.25
CRWV,2026-08-10,2026-09-11,P,56.0,9,12,1.126957490234375,0.31,0.0,0.45
CRWV,2026-08-10,2026-09-11,P,57.0,10,1,0.9023447265625,0.09,0.02,0.09
CRWV,2026-08-10,2026-09-11,P,58.0,95,4,0.9511723632812499,0.13,0.1,0.1
CRWV,2026-08-10,2026-09-11,P,59.0,2,1,1.0341845166015626,0.67,0.0,0.42
CRWV,2026-08-10,2026-09-11,P,60.0,276,97,0.9257819921875,0.13,0.09,0.15
CRWV,2026-08-10,2026-09-11,P,61.0,14,1,0.9707034179687499,0.74,0.01,0.38
CRWV,2026-08-10,2026-09-11,P,62.0,19,6,0.8945323046874999,0.14,0.03,0.24
CRWV,2026-08-10,2026-09-11,P,63.0,44,8,0.92187578125,0.19,0.03,0.36
CRWV,2026-08-10,2026-09-11,P,64.0,38,3,0.8945323046874999,0.15,0.01,0.37
CRWV,2026-08-10,2026-09-11,P,65.0,160,36,0.91992267578125,0.28,0.12,0.41
CRWV,2026-08-10,2026-09-11,P,66.0,49,29,0.87695435546875,0.22,0.11,0.36
CRWV,2026-08-10,2026-09-11,P,67.0,15,7,0.8378922460937499,0.25,0.1,0.32
CRWV,2026-08-10,2026-09-11,P,68.0,177,2,0.858399853515625,0.57,0.04,0.53
CRWV,2026-08-10,2026-09-11,P,69.0,103,6,0.85937640625,0.32,0.22,0.45
CRWV,2026-08-10,2026-09-11,P,70.0,258,67,0.8378922460937499,0.34,0.3,0.38
CRWV,2026-08-10,2026-09-11,P,71.0,123,17,0.8271501660156249,0.45,0.2,0.54
CRWV,2026-08-10,2026-09-11,P,72.0,93,11,0.8212908496093749,0.78,0.32,0.51
CRWV,2026-08-10,2026-09-11,P,73.0,74,18,0.842775009765625,0.51,0.42,0.66
CRWV,2026-08-10,2026-09-11,P,74.0,178,15,0.8193377441406249,0.58,0.46,0.63
CRWV,2026-08-10,2026-09-11,P,75.0,97,59,0.8212908496093749,0.59,0.54,0.72
CRWV,2026-08-10,2026-09-11,P,76.0,78,8,0.81445498046875,0.67,0.61,0.78
CRWV,2026-08-10,2026-09-11,P,77.0,78,2,0.8081073876953124,0.7,0.66,0.87
CRWV,2026-08-10,2026-09-11,P,78.0,80,4,0.8085956640624999,0.74,0.8,0.94
CRWV,2026-08-10,2026-09-11,P,79.0,56,11,0.805666005859375,0.96,0.89,1.05
CRWV,2026-08-10,2026-09-11,P,80.0,160,103,0.8071308349609375,1.1,0.95,1.25
CRWV,2026-08-10,2026-09-11,P,81.0,52,21,0.8173846386718748,1.14,1.12,1.46
CRWV,2026-08-10,2026-09-11,P,82.0,30,8,0.8042011767578124,1.36,1.26,1.47
CRWV,2026-08-10,2026-09-11,P,83.0,68,37,0.7927266821289063,1.5,1.37,1.54
CRWV,2026-08-10,2026-09-11,P,84.0,39,20,0.7934590966796875,1.5,1.52,1.73
CRWV,2026-08-10,2026-09-11,P,85.0,82,39,0.7919942675781251,1.86,1.7,1.89
CRWV,2026-08-10,2026-09-11,P,86.0,17,6,0.7807639111328125,1.95,1.73,2.09
CRWV,2026-08-10,2026-09-11,P,87.0,46,35,0.7976094458007812,2.2,2.02,2.45
CRWV,2026-08-10,2026-09-11,P,88.0,39,49,0.7861349511718749,2.35,2.2,2.54
CRWV,2026-08-10,2026-09-11,P,89.0,32,22,0.7856466748046875,2.61,2.46,2.74
CRWV,2026-08-10,2026-09-11,P,90.0,45,97,0.7852804675292968,2.86,2.69,3.0
CRWV,2026-08-10,2026-09-11,P,91.0,43,25,0.788088056640625,3.06,2.97,3.3
CRWV,2026-08-10,2026-09-11,P,92.0,43,7,0.7836935693359376,3.3,3.2,3.55
CRWV,2026-08-10,2026-09-11,P,93.0,51,11,0.7788108056640625,3.55,3.35,3.9
CRWV,2026-08-10,2026-09-11,P,94.0,50,26,0.7828390856933594,3.85,3.75,4.2
CRWV,2026-08-10,2026-09-11,P,95.0,7,44,0.7800314965820312,4.31,4.05,4.5
CRWV,2026-08-10,2026-09-11,P,98.0,3,5,0.7744163183593751,5.62,4.9,5.7
CRWV,2026-08-10,2026-09-11,P,99.0,20,9,0.7883321948242188,5.75,5.55,6.15
CRWV,2026-08-10,2026-09-11,P,100.0,29,84,0.786989434814453,6.0,5.95,6.55
CRWV,2026-08-10,2026-09-11,P,105.0,30,61,0.7845480529785156,8.5,8.3,8.8
CRWV,2026-08-10,2026-09-11,P,125.0,200,5,0.8172625695800779,21.89,21.5,22.55
CRWV,2026-08-10,2026-09-18,C,35.0,42,1,1.4765651171875,57.23,70.5,72.4
CRWV,2026-08-10,2026-09-18,C,37.5,9,6,1.47265888671875,58.0,68.0,69.95
CRWV,2026-08-10,2026-09-18,C,40.0,40,1,1.0000000000000003e-05,66.73,65.7,67.1
CRWV,2026-08-10,2026-09-18,C,42.5,0,2,1.0000000000000003e-05,66.0,0.0,0.0
CRWV,2026-08-10,2026-09-18,C,45.0,4667,20,1.2890660546875,64.58,60.75,62.5
CRWV,2026-08-10,2026-09-18,C,47.5,53,35,1.2148476757812499,36.95,58.3,60.0
CRWV,2026-08-10,2026-09-18,C,50.0,285,3,1.0000000000000003e-05,59.0,55.7,57.3
CRWV,2026-08-10,2026-09-18,C,55.0,312,51,1.0869186279296876,57.0,50.8,52.6
CRWV,2026-08-10,2026-09-18,C,60.0,294,8,0.8554701953125,46.66,46.05,47.45
CRWV,2026-08-10,2026-09-18,C,62.5,230,12,0.9267585449218749,44.17,43.5,45.15
CRWV,2026-08-10,2026-09-18,C,65.0,1059,30,0.868165380859375,42.55,41.25,42.65
CRWV,2026-08-10,2026-09-18,C,67.5,441,5,0.9047861083984375,39.8,38.85,40.4
CRWV,2026-08-10,2026-09-18,C,70.0,5486,62,0.8125018749999999,37.32,36.55,37.8
CRWV,2026-08-10,2026-09-18,C,72.5,2988,32,0.6826203613281252,36.73,34.15,36.05
CRWV,2026-08-10,2026-09-18,C,75.0,2167,66,0.6689486230468751,33.65,31.9,33.5
CRWV,2026-08-10,2026-09-18,C,77.5,1116,83,0.7182645361328125,31.0,30.1,31.05
CRWV,2026-08-10,2026-09-18,C,80.0,13379,809,0.6567417138671876,28.16,27.55,28.55
CRWV,2026-08-10,2026-09-18,C,82.5,1618,161,0.6938507177734375,26.3,25.8,26.3
CRWV,2026-08-10,2026-09-18,C,85.0,3121,424,0.7043486596679689,24.12,23.65,24.4
CRWV,2026-08-10,2026-09-18,C,87.5,814,116,0.7605004418945314,22.15,21.95,23.05
CRWV,2026-08-10,2026-09-18,C,90.0,20848,3762,0.7351100708007812,20.36,20.05,20.75
CRWV,2026-08-10,2026-09-18,C,92.5,1165,462,0.7336452416992187,18.7,18.3,18.9
CRWV,2026-08-10,2026-09-18,C,95.0,1830,336,0.7434107690429688,17.05,16.75,17.3
CRWV,2026-08-10,2026-09-18,C,97.5,998,242,0.7497583618164063,15.36,15.35,15.7
CRWV,2026-08-10,2026-09-18,C,100.0,9150,3252,0.7573266455078126,13.93,13.9,14.4
CRWV,2026-08-10,2026-09-18,C,105.0,2723,1497,0.7485376708984376,11.45,11.1,11.7
CRWV,2026-08-10,2026-09-18,C,110.0,61239,3032,0.7573266455078126,9.4,9.15,9.4
CRWV,2026-08-10,2026-09-18,C,115.0,39469,559,0.7523218127441407,7.45,7.2,7.45
CRWV,2026-08-10,2026-09-18,C,120.0,12597,5494,0.7545190563964843,5.86,5.7,5.9
CRWV,2026-08-10,2026-09-18,C,125.0,4500,1123,0.7578149218750001,4.61,4.5,4.65
CRWV,2026-08-10,2026-09-18,C,130.0,6194,1842,0.7666038964843751,3.67,3.5,3.8
CRWV,2026-08-10,2026-09-18,C,135.0,2248,425,0.7758811474609376,2.9,2.79,3.05
CRWV,2026-08-10,2026-09-18,C,140.0,13930,1940,0.7807639111328125,2.3,2.2,2.4
CRWV,2026-08-10,2026-09-18,C,145.0,1613,270,0.7824728784179689,1.82,1.74,1.83
CRWV,2026-08-10,2026-09-18,C,150.0,8670,5702,0.789064609375,1.41,1.34,1.49
CRWV,2026-08-10,2026-09-18,C,155.0,2069,140,0.7966328930664062,1.32,1.06,1.2
CRWV,2026-08-10,2026-09-18,C,160.0,4902,1390,0.8032246240234374,0.89,0.83,0.97
CRWV,2026-08-10,2026-09-18,C,165.0,1876,77,0.8100604931640624,0.7,0.66,0.78
CRWV,2026-08-10,2026-09-18,C,170.0,5555,31,0.8173846386718748,0.7,0.52,0.64
CRWV,2026-08-10,2026-09-18,C,175.0,888,53,0.8217791259765624,0.46,0.41,0.51
CRWV,2026-08-10,2026-09-18,C,180.0,3926,196,0.831056376953125,0.4,0.34,0.42
CRWV,2026-08-10,2026-09-18,C,185.0,680,4,0.8339860351562498,0.41,0.17,0.43
CRWV,2026-08-10,2026-09-18,C,190.0,6326,54,0.840821904296875,0.24,0.19,0.3
CRWV,2026-08-10,2026-09-18,C,195.0,3943,6,0.86914193359375,0.26,0.17,0.31
CRWV,2026-08-10,2026-09-18,C,200.0,5405,35,0.867188828125,0.17,0.16,0.21
CRWV,2026-08-10,2026-09-18,C,210.0,2470,21,0.9023447265625,0.23,0.08,0.23
CRWV,2026-08-10,2026-09-18,C,220.0,347,13,0.914063359375,0.17,0.05,0.17
CRWV,2026-08-10,2026-09-18,C,230.0,311,9,0.945313046875,0.07,0.07,0.12
CRWV,2026-08-10,2026-09-18,C,240.0,5475,3,0.9707034179687499,0.09,0.05,0.11
CRWV,2026-08-10,2026-09-18,C,250.0,1091,4,0.929688203125,0.06,0.01,0.06
CRWV,2026-08-10,2026-09-18,C,260.0,418,4,1.08984830078125,0.11,0.0,0.22
CRWV,2026-08-10,2026-09-18,C,270.0,793,1,1.0273486132812502,0.01,0.0,0.09
CRWV,2026-08-10,2026-09-18,C,280.0,5018,26,1.0390673046875003,0.04,0.01,0.06
CRWV,2026-08-10,2026-09-18,P,35.0,2436,14,1.2812535937499998,0.01,0.0,0.05
CRWV,2026-08-10,2026-09-18,P,37.5,669,22,1.203128984375,0.02,0.02,0.03
CRWV,2026-08-10,2026-09-18,P,40.0,1257,87,1.15625421875,0.02,0.02,0.04
CRWV,2026-08-10,2026-09-18,P,42.5,351,39,1.2890660546875,0.09,0.0,0.25
CRWV,2026-08-10,2026-09-18,P,45.0,3943,150,1.0703171484375003,0.04,0.02,0.07
CRWV,2026-08-10,2026-09-18,P,47.5,1356,52,1.0429735351562504,0.09,0.03,0.09
CRWV,2026-08-10,2026-09-18,P,50.0,6842,286,0.9492192578124999,0.06,0.03,0.06
CRWV,2026-08-10,2026-09-18,P,55.0,4639,1558,0.9257819921875,0.1,0.09,0.11
CRWV,2026-08-10,2026-09-18,P,60.0,9361,698,0.8886729882812499,0.18,0.16,0.2
CRWV,2026-08-10,2026-09-18,P,62.5,10394,122,0.87500125,0.24,0.22,0.27
CRWV,2026-08-10,2026-09-18,P,65.0,8912,1259,0.858399853515625,0.32,0.3,0.34
CRWV,2026-08-10,2026-09-18,P,67.5,1226,63,0.8564467480468749,0.43,0.4,0.5
CRWV,2026-08-10,2026-09-18,P,70.0,10760,748,0.8388687988281249,0.56,0.55,0.59
CRWV,2026-08-10,2026-09-18,P,72.5,3118,213,0.8286149951171874,0.7,0.7,0.78
CRWV,2026-08-10,2026-09-18,P,75.0,4234,1932,0.815431533203125,1.0,0.89,0.98
CRWV,2026-08-10,2026-09-18,P,77.5,3297,303,0.8090839404296875,1.21,1.16,1.25
CRWV,2026-08-10,2026-09-18,P,80.0,6848,3018,0.8051777294921875,1.54,1.5,1.59
CRWV,2026-08-10,2026-09-18,P,82.5,1774,143,0.8010273803710937,1.95,1.9,2.0
CRWV,2026-08-10,2026-09-18,P,85.0,5140,517,0.8005391040039063,2.42,2.36,2.55
CRWV,2026-08-10,2026-09-18,P,87.5,1056,235,0.7965108239746093,3.03,2.92,3.1
CRWV,2026-08-10,2026-09-18,P,90.0,11223,5637,0.7902853002929688,3.58,3.55,3.7
CRWV,2026-08-10,2026-09-18,P,92.5,1399,390,0.795900478515625,4.45,4.3,4.6
CRWV,2026-08-10,2026-09-18,P,95.0,1796,1028,0.79687703125,5.32,5.2,5.45
CRWV,2026-08-10,2026-09-18,P,97.5,790,365,0.8001728967285155,6.3,6.25,6.4
CRWV,2026-08-10,2026-09-18,P,100.0,4821,2551,0.7916280603027344,7.2,7.1,7.45
CRWV,2026-08-10,2026-09-18,P,105.0,2159,822,0.7974873767089843,9.75,9.6,9.9
CRWV,2026-08-10,2026-09-18,P,110.0,1835,503,0.799806689453125,12.58,12.35,12.75
CRWV,2026-08-10,2026-09-18,P,115.0,1450,244,0.7989522058105469,15.79,15.3,16.0
CRWV,2026-08-10,2026-09-18,P,120.0,2359,10,0.7934590966796875,18.74,18.7,19.3
CRWV,2026-08-10,2026-09-18,P,125.0,2293,160,0.8115253222656249,23.0,22.3,23.55
CRWV,2026-08-10,2026-09-18,P,130.0,511,11,0.8288591333007811,26.2,26.45,27.65
CRWV,2026-08-10,2026-09-18,P,135.0,521,1,0.8115253222656249,30.05,30.15,31.8
CRWV,2026-08-10,2026-09-18,P,140.0,317,5,0.80664255859375,52.5,34.9,35.55
CRWV,2026-08-10,2026-09-18,P,145.0,282,1,0.8344743115234373,39.52,39.05,40.75
CRWV,2026-08-10,2026-09-18,P,150.0,242,12,0.9064950756835937,72.55,44.6,45.4
CRWV,2026-08-10,2026-09-18,P,155.0,55,1,0.8818371191406249,49.5,48.65,50.1
CRWV,2026-08-10,2026-09-18,P,160.0,0,1,0.8764660791015625,65.3,53.1,54.9
CRWV,2026-08-10,2026-09-18,P,165.0,40,40,0.893555751953125,75.05,57.75,59.9
CRWV,2026-08-10,2026-09-18,P,170.0,3,15,0.9428716650390624,108.55,63.3,64.4
CRWV,2026-08-10,2026-09-18,P,175.0,0,1,1.0000000000000003e-05,56.38,0.0,0.0
CRWV,2026-08-10,2026-09-18,P,180.0,0,179,0.9594730615234374,108.65,72.5,74.55
CRWV,2026-08-10,2026-09-18,P,185.0,5,2,3.746704734802246,74.2,109.35,112.55
CRWV,2026-08-10,2026-09-18,P,190.0,10,2,3.8815920928955086,92.7,115.8,118.35
CRWV,2026-08-10,2026-09-18,P,195.0,0,5,1.0571336206054687,106.3,87.4,89.55
CRWV,2026-08-10,2026-09-18,P,200.0,0,5,1.1157270776367185,111.25,92.55,94.6
CRWV,2026-08-10,2026-09-18,P,210.0,0,30,1.0000000000000003e-05,114.05,0.0,0.0
CRWV,2026-08-10,2026-09-18,P,220.0,0,30,1.0000000000000003e-05,119.45,0.0,0.0
CRWV,2026-08-10,2026-09-18,P,230.0,0,15,1.319827619628906,155.35,122.75,124.55
CRWV,2026-08-10,2026-09-18,P,240.0,4,2,1.0000000000000003e-05,142.35,126.65,130.85
CRWV,2026-08-10,2026-09-18,P,250.0,0,82,1.4340848608398438,151.58,142.75,144.6
CRWV,2026-08-10,2026-09-18,P,260.0,7,0,1.0000000000000003e-05,160.35,144.5,147.8
CRWV,2026-08-10,2026-09-18,P,270.0,0,20,2.1965377117919918,155.15,166.0,169.85
CRWV,2026-08-10,2026-09-18,P,280.0,0,30,2.247685044860839,161.4,176.0,179.8
CRWV,2026-08-10,2026-09-25,C,50.0,1,1,1.6181659716796877,60.0,55.3,59.0
CRWV,2026-08-10,2026-09-25,C,70.0,41,20,0.657229990234375,39.75,36.45,38.7
CRWV,2026-08-10,2026-09-25,C,80.0,8,1,0.6823762231445314,31.89,28.0,29.0
CRWV,2026-08-10,2026-09-25,C,85.0,22,11,0.7036162451171876,26.25,23.9,25.1
CRWV,2026-08-10,2026-09-25,C,88.0,36,9,0.7307155834960937,22.8,21.7,23.2
CRWV,2026-08-10,2026-09-25,C,89.0,28,35,0.7695335546875001,22.21,21.65,22.6
CRWV,2026-08-10,2026-09-25,C,90.0,76,45,0.7402369726562499,21.34,20.55,21.65
CRWV,2026-08-10,2026-09-25,C,91.0,92,9,0.8082294567871093,11.97,20.0,22.35
CRWV,2026-08-10,2026-09-25,C,92.0,14,14,0.79883013671875,20.0,19.0,21.8
CRWV,2026-08-10,2026-09-25,C,93.0,9,4,0.7346217944335938,19.85,18.35,19.6
CRWV,2026-08-10,2026-09-25,C,94.0,14,1,0.7392604199218749,21.26,17.95,18.8
CRWV,2026-08-10,2026-09-25,C,95.0,40,20,0.7603783728027345,18.49,17.45,18.55
CRWV,2026-08-10,2026-09-25,C,96.0,6,5,0.7365748999023438,9.2,16.55,17.6
CRWV,2026-08-10,2026-09-25,C,100.0,102,103,0.7656273437500001,15.31,14.6,15.65
CRWV,2026-08-10,2026-09-25,C,101.0,18,20,0.742068009033203,15.0,13.85,14.65
CRWV,2026-08-10,2026-09-25,C,103.0,5,15,0.7698997619628907,13.45,13.0,14.2
CRWV,2026-08-10,2026-09-25,C,110.0,86,347,0.756960438232422,10.28,9.9,10.5
CRWV,2026-08-10,2026-09-25,C,115.0,76,46,0.77148666015625,8.91,8.1,8.95
CRWV,2026-08-10,2026-09-25,C,120.0,45,101,0.7662376892089844,6.7,6.55,7.15
CRWV,2026-08-10,2026-09-25,C,125.0,92,190,0.7738059729003908,5.6,5.35,5.9
CRWV,2026-08-10,2026-09-25,P,45.0,4,3,1.0546922265625,0.17,0.0,0.16
CRWV,2026-08-10,2026-09-25,P,50.0,7,1,0.95507857421875,0.13,0.0,0.19
CRWV,2026-08-10,2026-09-25,P,55.0,44,9,0.8632826171875,0.13,0.02,0.2
CRWV,2026-08-10,2026-09-25,P,60.0,26,46,0.8398453515625,0.28,0.1,0.33
CRWV,2026-08-10,2026-09-25,P,65.0,129,82,0.8085956640624999,0.5,0.2,0.53
CRWV,2026-08-10,2026-09-25,P,70.0,251,115,0.81445498046875,0.73,0.66,0.8
CRWV,2026-08-10,2026-09-25,P,75.0,79,68,0.8198260205078124,1.25,1.14,1.48
CRWV,2026-08-10,2026-09-25,P,80.0,32,37,0.8083515258789062,1.98,1.85,2.22
CRWV,2026-08-10,2026-09-25,P,81.0,20,4,0.807619111328125,2.32,1.93,2.51
CRWV,2026-08-10,2026-09-25,P,83.0,22,48,0.8088398022460936,2.57,2.37,2.93
CRWV,2026-08-10,2026-09-25,P,85.0,13,93,0.7771018383789063,2.96,2.6,3.05
CRWV,2026-08-10,2026-09-25,P,86.0,14,49,0.7983418603515625,3.09,3.05,3.5
CRWV,2026-08-10,2026-09-25,P,87.0,16,2,0.7819846020507812,3.6,3.1,3.65
CRWV,2026-08-10,2026-09-25,P,88.0,30,30,0.78711150390625,3.55,3.4,4.0
CRWV,2026-08-10,2026-09-25,P,90.0,16,44,0.7924825439453125,4.35,4.15,4.55
CRWV,2026-08-10,2026-09-25,P,96.0,3,4,0.7889425402832031,14.93,6.15,6.7
CRWV,2026-08-10,2026-10-16,C,35.0,14,1,1.8173837255859375,35.56,69.75,73.8
CRWV,2026-08-10,2026-10-16,C,37.5,53,1,1.7695324023437498,57.3,67.0,71.5
CRWV,2026-08-10,2026-10-16,C,40.0,84,1,1.6459978637695314,47.4,64.5,68.9
CRWV,2026-08-10,2026-10-16,C,42.5,23,1,1.54297103515625,45.21,62.8,66.35
CRWV,2026-08-10,2026-10-16,C,45.0,162,2,1.4345731396484376,45.53,60.8,63.75
CRWV,2026-08-10,2026-10-16,C,47.5,13,1,1.2128945605468748,44.0,58.5,60.7
CRWV,2026-08-10,2026-10-16,C,50.0,85,2,1.1860392260742185,58.14,56.0,58.35
CRWV,2026-08-10,2026-10-16,C,55.0,40,1,1.0327196801757816,34.1,51.4,53.25
CRWV,2026-08-10,2026-10-16,C,60.0,227,28,0.8559584716796875,31.84,46.65,48.0
CRWV,2026-08-10,2026-10-16,C,65.0,362,6,0.778322529296875,43.05,42.2,44.0
CRWV,2026-08-10,2026-10-16,C,67.5,202,21,0.7397486962890624,41.2,39.9,41.4
CRWV,2026-08-10,2026-10-16,C,70.0,516,18,0.7246121289062499,39.48,37.5,39.15
CRWV,2026-08-10,2026-10-16,C,72.5,528,51,0.7819846020507812,36.6,35.75,37.3
CRWV,2026-08-10,2026-10-16,C,75.0,546,22,0.7941915112304687,34.5,34.0,35.1
CRWV,2026-08-10,2026-10-16,C,77.5,359,23,0.743166630859375,32.95,31.35,32.8
CRWV,2026-08-10,2026-10-16,C,80.0,7202,35,0.7639183764648438,30.55,29.5,31.1
CRWV,2026-08-10,2026-10-16,C,82.5,371,20,0.7542749182128907,28.5,27.75,28.85
CRWV,2026-08-10,2026-10-16,C,85.0,1166,104,0.7663597583007813,26.65,26.05,27.2
CRWV,2026-08-10,2026-10-16,C,87.5,1503,146,0.7709983837890625,24.95,24.4,25.5
CRWV,2026-08-10,2026-10-16,C,90.0,1145,131,0.7606225109863283,23.85,22.8,23.5
CRWV,2026-08-10,2026-10-16,C,92.5,492,38,0.7844259838867188,22.7,21.35,22.5
CRWV,2026-08-10,2026-10-16,C,95.0,6070,136,0.775514940185547,21.0,20.0,20.6
CRWV,2026-08-10,2026-10-16,C,97.5,570,122,0.7901632312011719,19.75,18.7,19.55
CRWV,2026-08-10,2026-10-16,C,100.0,3167,797,0.7727073510742188,17.53,17.35,17.65
CRWV,2026-08-10,2026-10-16,C,105.0,3100,228,0.7771018383789063,15.15,14.75,15.5
CRWV,2026-08-10,2026-10-16,C,110.0,4280,1003,0.7736839038085939,12.91,12.7,13.1
CRWV,2026-08-10,2026-10-16,C,115.0,1337,199,0.7720970056152343,10.95,10.75,11.2
CRWV,2026-08-10,2026-10-16,C,120.0,11054,490,0.7791770129394531,9.42,9.2,9.7
CRWV,2026-08-10,2026-10-16,C,125.0,2728,688,0.782350809326172,8.08,7.8,8.35
CRWV,2026-08-10,2026-10-16,C,130.0,1543,444,0.7800314965820312,6.9,6.65,6.95
CRWV,2026-08-10,2026-10-16,C,135.0,1797,115,0.7821066711425781,6.3,5.6,5.95
CRWV,2026-08-10,2026-10-16,C,140.0,6107,152,0.7858908129882812,4.91,4.75,5.1
CRWV,2026-08-10,2026-10-16,C,145.0,3349,45,0.7912618530273439,4.43,4.0,4.45
CRWV,2026-08-10,2026-10-16,C,150.0,4515,1456,0.7924825439453125,3.6,3.4,3.75
CRWV,2026-08-10,2026-10-16,C,155.0,8335,292,0.79883013671875,3.4,2.92,3.25
CRWV,2026-08-10,2026-10-16,C,160.0,4520,58,0.797853583984375,2.82,2.4,2.78
CRWV,2026-08-10,2026-10-16,C,165.0,2332,13,0.8215349877929687,2.41,2.13,2.71
CRWV,2026-08-10,2026-10-16,C,170.0,451,53,0.804689453125,1.87,1.79,2.0
CRWV,2026-08-10,2026-10-16,C,175.0,2933,583,0.8193377441406249,1.9,1.59,1.85
CRWV,2026-08-10,2026-10-16,C,180.0,8852,4788,0.8193377441406249,1.6,1.35,1.56
CRWV,2026-08-10,2026-10-16,C,185.0,504,10,0.8242205078124999,1.4,1.17,1.36
CRWV,2026-08-10,2026-10-16,C,190.0,626,11,0.82226740234375,1.22,0.97,1.15
CRWV,2026-08-10,2026-10-16,C,195.0,7760,396,0.8366715551757811,0.97,0.94,1.02
CRWV,2026-08-10,2026-10-16,C,200.0,1756,1101,0.8415543188476562,0.88,0.85,0.87
CRWV,2026-08-10,2026-10-16,P,35.0,1602,3,1.01953615234375,0.04,0.01,0.07
CRWV,2026-08-10,2026-10-16,P,37.5,361,33,1.107426337890625,0.04,0.01,0.25
CRWV,2026-08-10,2026-10-16,P,40.0,2367,397,0.9648441015625,0.07,0.05,0.09
CRWV,2026-08-10,2026-10-16,P,42.5,829,15,0.937500625,0.09,0.02,0.16
CRWV,2026-08-10,2026-10-16,P,45.0,2240,8,0.93164130859375,0.1,0.08,0.19
CRWV,2026-08-10,2026-10-16,P,47.5,2238,19,0.8437515624999999,0.15,0.01,0.19
CRWV,2026-08-10,2026-10-16,P,50.0,11827,50,0.8867198828124999,0.22,0.18,0.25
CRWV,2026-08-10,2026-10-16,P,55.0,2667,276,0.8686536572265625,0.4,0.35,0.43
CRWV,2026-08-10,2026-10-16,P,60.0,3651,991,0.850587431640625,0.67,0.6,0.71
CRWV,2026-08-10,2026-10-16,P,65.0,2081,148,0.8288591333007811,1.02,0.95,1.08
CRWV,2026-08-10,2026-10-16,P,67.5,1151,40,0.8244646459960936,1.3,1.19,1.37
CRWV,2026-08-10,2026-10-16,P,70.0,6892,277,0.8276384423828124,1.58,1.55,1.74
CRWV,2026-08-10,2026-10-16,P,72.5,3165,52,0.8120135986328124,1.92,1.84,2.01
CRWV,2026-08-10,2026-10-16,P,75.0,3051,111,0.8129901513671874,2.3,2.3,2.47
CRWV,2026-08-10,2026-10-16,P,77.5,485,30,0.8079853186035155,2.78,2.71,3.0
CRWV,2026-08-10,2026-10-16,P,80.0,2888,1327,0.799806689453125,3.2,3.2,3.5
CRWV,2026-08-10,2026-10-16,P,82.5,378,18,0.7937032348632812,3.98,3.75,4.1
CRWV,2026-08-10,2026-10-16,P,85.0,825,549,0.7985859985351562,4.6,4.55,4.85
CRWV,2026-08-10,2026-10-16,P,87.5,1075,39,0.7896749548339843,5.3,5.1,5.65
CRWV,2026-08-10,2026-10-16,P,90.0,1089,2121,0.7991963439941407,6.2,6.2,6.55
CRWV,2026-08-10,2026-10-16,P,92.5,1260,119,0.7944356494140624,7.3,7.05,7.45
CRWV,2026-08-10,2026-10-16,P,95.0,702,438,0.7915059912109376,8.3,8.05,8.4
CRWV,2026-08-10,2026-10-16,P,97.5,989,68,0.7886984020996093,9.45,9.0,9.55
CRWV,2026-08-10,2026-10-16,P,100.0,2361,149,0.7875997802734375,10.43,10.15,10.7
CRWV,2026-08-10,2026-10-16,P,105.0,2248,4694,0.7884542639160157,13.05,12.85,13.15
CRWV,2026-08-10,2026-10-16,P,110.0,2567,127,0.795778409423828,16.15,15.6,16.35
CRWV,2026-08-10,2026-10-16,P,115.0,1317,84,0.786012882080078,19.1,18.55,19.25
CRWV,2026-08-10,2026-10-16,P,120.0,561,25,0.7945577185058592,21.1,22.05,22.75
CRWV,2026-08-10,2026-10-16,P,125.0,119,11,0.7896749548339843,25.65,25.3,26.45
CRWV,2026-08-10,2026-10-16,P,130.0,169,2,0.7681907946777344,28.76,28.3,30.25
CRWV,2026-08-10,2026-10-16,P,135.0,105,1,0.7901632312011719,31.77,32.7,34.45
CRWV,2026-08-10,2026-10-16,P,140.0,28,11,0.79101771484375,37.75,37.25,38.1
CRWV,2026-08-10,2026-10-16,P,145.0,689,1,0.7896749548339843,64.35,41.3,42.45
CRWV,2026-08-10,2026-10-16,P,150.0,57,4,0.8060322131347657,45.25,45.75,47.1
CRWV,2026-08-10,2026-10-16,P,155.0,58,1,0.8044453149414061,88.5,50.1,51.55
CRWV,2026-08-10,2026-10-16,P,160.0,24,3,0.8012715185546875,68.66,54.3,56.3
CRWV,2026-08-10,2026-10-16,P,165.0,12,11,0.8433853552246093,79.1,59.65,61.0
CRWV,2026-08-10,2026-10-16,P,170.0,12,1,0.8320329296874999,96.15,64.15,65.5
CRWV,2026-08-10,2026-10-16,P,175.0,63,4,0.8374039697265624,86.3,68.85,70.25
CRWV,2026-08-10,2026-10-16,P,180.0,56,3,2.646853968811036,81.7,101.3,105.0
CRWV,2026-08-10,2026-10-16,P,185.0,0,30,0.8630384790039063,104.8,78.25,80.2
CRWV,2026-08-10,2026-10-16,P,190.0,50,50,0.7690452783203126,99.65,82.0,84.85
CRWV,2026-08-10,2026-10-16,P,195.0,0,0,0.8723157299804687,109.2,87.8,89.95
CRWV,2026-08-10,2026-10-16,P,200.0,0,1,2.5741002444458005,87.5,117.05,120.9
CRWV,2026-08-10,2026-11-20,C,35.0,120,2,1.3906280468749999,72.08,70.8,73.5
CRWV,2026-08-10,2026-11-20,C,40.0,28,7,1.4267606787109375,50.03,65.0,69.4
CRWV,2026-08-10,2026-11-20,C,42.5,67,20,1.3662141064453124,33.45,62.5,67.0
CRWV,2026-08-10,2026-11-20,C,45.0,59,1,1.0351610742187503,63.8,61.0,63.2
CRWV,2026-08-10,2026-11-20,C,47.5,24,22,0.772463212890625,64.8,58.9,61.25
CRWV,2026-08-10,2026-11-20,C,50.0,29,1,0.8159198095703124,60.0,56.75,58.85
CRWV,2026-08-10,2026-11-20,C,55.0,93,4,0.7954122021484374,54.5,52.1,54.05
CRWV,2026-08-10,2026-11-20,C,60.0,93,7,0.8186053295898437,51.61,47.9,49.55
CRWV,2026-08-10,2026-11-20,C,65.0,237,1,0.8247087841796874,44.65,43.85,45.2
CRWV,2026-08-10,2026-11-20,C,70.0,230,13,0.8122577368164061,40.38,39.55,41.2
CRWV,2026-08-10,2026-11-20,C,72.5,53,3,0.8334977587890623,41.35,37.65,39.75
CRWV,2026-08-10,2026-11-20,C,75.0,3556,9,0.8292253405761718,39.0,36.05,37.55
CRWV,2026-08-10,2026-11-20,C,77.5,125,4,0.8157977404785155,35.76,34.1,35.55
CRWV,2026-08-10,2026-11-20,C,80.0,429,72,0.818117053222656,33.08,32.65,33.6
CRWV,2026-08-10,2026-11-20,C,82.5,173,5,0.8223894714355469,36.0,30.9,32.15
CRWV,2026-08-10,2026-11-20,C,85.0,3651,248,0.8281877532958983,31.0,29.3,30.75
CRWV,2026-08-10,2026-11-20,C,87.5,1695,7,0.8200091241455076,28.65,27.85,28.85
CRWV,2026-08-10,2026-11-20,C,90.0,614,140,0.8374039697265624,27.67,26.4,28.0
CRWV,2026-08-10,2026-11-20,C,95.0,2898,114,0.8291032714843749,24.07,23.8,24.8
CRWV,2026-08-10,2026-11-20,C,97.5,433,13,0.8256853369140623,24.13,22.3,23.6
CRWV,2026-08-10,2026-11-20,C,100.0,2499,419,0.819764985961914,21.6,21.25,21.95
CRWV,2026-08-10,2026-11-20,C,105.0,3945,202,0.8190325714111326,19.25,18.85,19.75
CRWV,2026-08-10,2026-11-20,C,110.0,2053,180,0.8265398205566405,17.5,16.85,17.95
CRWV,2026-08-10,2026-11-20,C,115.0,861,67,0.818239122314453,15.2,15.0,15.7
CRWV,2026-08-10,2026-11-20,C,120.0,2185,169,0.8194598132324218,13.9,13.5,13.9
CRWV,2026-08-10,2026-11-20,C,125.0,1246,177,0.8208025732421874,12.25,11.85,12.6
CRWV,2026-08-10,2026-11-20,C,130.0,863,241,0.8195208477783202,11.03,10.5,11.2
CRWV,2026-08-10,2026-11-20,C,135.0,1639,43,0.8220232641601561,9.55,9.45,9.95
CRWV,2026-08-10,2026-11-20,C,140.0,828,101,0.8184832604980468,8.6,8.35,8.75
CRWV,2026-08-10,2026-11-20,C,145.0,728,16,0.8237932659912108,7.91,7.4,8.0
CRWV,2026-08-10,2026-11-20,C,150.0,1119,235,0.8240984387207031,6.84,6.6,7.1
CRWV,2026-08-10,2026-11-20,C,155.0,3402,280,0.8233660241699219,7.15,5.9,6.25
CRWV,2026-08-10,2026-11-20,C,160.0,1235,52,0.8234880932617187,5.5,5.25,5.55
CRWV,2026-08-10,2026-11-20,C,165.0,151,285,0.8369156933593749,5.5,4.7,5.35
CRWV,2026-08-10,2026-11-20,C,170.0,416,7,0.8350846569824217,4.55,4.2,4.7
CRWV,2026-08-10,2026-11-20,C,175.0,1982,265,0.8422867333984375,4.05,3.8,4.35
CRWV,2026-08-10,2026-11-20,C,180.0,945,22,0.839723282470703,3.87,3.4,3.8
CRWV,2026-08-10,2026-11-20,C,185.0,370,19,0.8552260571289063,3.68,3.05,3.8
CRWV,2026-08-10,2026-11-20,C,190.0,669,182,0.846559151611328,3.15,2.71,3.2
CRWV,2026-08-10,2026-11-20,C,195.0,652,3,0.8396012133789061,3.25,2.33,2.79
CRWV,2026-08-10,2026-11-20,C,200.0,5222,158,0.8522963989257812,2.46,2.26,2.6
CRWV,2026-08-10,2026-11-20,P,35.0,1022,1,1.1054732226562503,0.34,0.0,0.71
CRWV,2026-08-10,2026-11-20,P,40.0,1830,90,0.930664755859375,0.24,0.2,0.31
CRWV,2026-08-10,2026-11-20,P,42.5,991,121,0.91992267578125,0.31,0.24,0.44
CRWV,2026-08-10,2026-11-20,P,45.0,1982,168,0.9204109521484375,0.49,0.4,0.55
CRWV,2026-08-10,2026-11-20,P,47.5,388,128,0.89257919921875,0.54,0.5,0.6
CRWV,2026-08-10,2026-11-20,P,50.0,2811,46,0.8950205810546874,0.72,0.7,0.79
CRWV,2026-08-10,2026-11-20,P,55.0,1180,142,0.870118486328125,1.1,1.01,1.2
CRWV,2026-08-10,2026-11-20,P,60.0,2050,91,0.85937640625,1.66,1.55,1.79
CRWV,2026-08-10,2026-11-20,P,65.0,987,181,0.8435074243164062,2.37,2.26,2.45
CRWV,2026-08-10,2026-11-20,P,70.0,4625,89,0.8316667224121093,3.3,3.1,3.4
CRWV,2026-08-10,2026-11-20,P,72.5,870,38,0.8282487878417968,3.85,3.65,3.95
CRWV,2026-08-10,2026-11-20,P,75.0,3342,93,0.8302018933105468,4.45,4.3,4.65
CRWV,2026-08-10,2026-11-20,P,77.5,1559,11,0.8255632678222655,5.15,4.95,5.3
CRWV,2026-08-10,2026-11-20,P,80.0,3067,157,0.8239763696289062,5.9,5.7,6.05
CRWV,2026-08-10,2026-11-20,P,82.5,392,12,0.8231218859863281,6.78,6.5,6.9
CRWV,2026-08-10,2026-11-20,P,85.0,1361,42,0.8229998168945312,7.65,7.35,7.85
CRWV,2026-08-10,2026-11-20,P,87.5,908,36,0.8178729150390623,8.6,8.25,8.7
CRWV,2026-08-10,2026-11-20,P,90.0,3299,50,0.8165301550292967,9.55,9.25,9.7
CRWV,2026-08-10,2026-11-20,P,95.0,892,84,0.813356358642578,11.52,11.35,11.95
CRWV,2026-08-10,2026-11-20,P,97.5,1156,23,0.8092060095214844,13.0,12.5,13.05
CRWV,2026-08-10,2026-11-20,P,100.0,1530,1032,0.8156146368408204,13.8,13.85,14.5
CRWV,2026-08-10,2026-11-20,P,105.0,609,32,0.810426700439453,16.4,16.4,17.15
CRWV,2026-08-10,2026-11-20,P,110.0,650,45,0.8103046313476561,20.0,19.25,20.15
CRWV,2026-08-10,2026-11-20,P,115.0,183,20,0.8110370458984374,22.5,22.45,23.25
CRWV,2026-08-10,2026-11-20,P,120.0,629,21,0.8022480712890624,26.25,25.55,26.4
CRWV,2026-08-10,2026-11-20,P,125.0,2304,1,0.7899190930175781,28.82,28.6,29.8
CRWV,2026-08-10,2026-11-20,P,130.0,82,3,0.7893087475585938,31.8,32.25,33.45
CRWV,2026-08-10,2026-11-20,P,135.0,30,1,0.801637725830078,50.73,36.3,37.55
CRWV,2026-08-10,2026-11-20,P,140.0,35,1,0.7937032348632812,69.38,39.9,41.5
CRWV,2026-08-10,2026-11-20,P,145.0,37,25,0.7944356494140624,57.8,43.95,45.6
CRWV,2026-08-10,2026-11-20,P,150.0,36,35,0.8092060095214844,62.4,48.7,49.75
CRWV,2026-08-10,2026-11-20,P,155.0,61,1,0.7994404821777343,68.05,52.65,53.95
CRWV,2026-08-10,2026-11-20,P,160.0,0,0,1.0000000000000003e-05,59.8,0.0,0.0
CRWV,2026-08-10,2026-11-20,P,165.0,28,25,0.8107929077148437,70.8,61.6,62.9
CRWV,2026-08-10,2026-11-20,P,170.0,0,10,1.0000000000000003e-05,77.65,0.0,0.0
CRWV,2026-08-10,2026-11-20,P,175.0,0,0,1.0000000000000003e-05,72.0,0.0,0.0
CRWV,2026-08-10,2026-11-20,P,180.0,0,3,1.0000000000000003e-05,76.3,0.0,0.0
CRWV,2026-08-10,2026-11-20,P,190.0,10,4,2.048955072937012,80.4,107.75,111.5
CRWV,2026-08-10,2026-11-20,P,195.0,10,0,0.7768577001953125,107.05,88.65,90.4
CRWV,2026-08-10,2026-11-20,P,200.0,100,100,0.7521997436523438,115.55,92.65,95.5
